id,symb,attr/f:duration,label
trace001,2,12.9,1
trace001,6,2.2,1
trace001,5,58.0,1
trace002,5,14.2,1
trace002,2,4.4,1
trace002,0,2.2,1
trace002,2,9.4,1
trace002,2,42.9,1
trace003,0,3.9,1
trace003,0,6.0,1
trace003,2,5.4,1
trace003,5,101.7,1
trace003,0,59.9,1
trace004,0,18.6,1
trace004,0,6.6,1
trace004,2,8.4,1
trace004,5,7.6,1
trace004,0,11.4,1
trace004,0,12.0,1
trace004,3,6.2,1
trace005,5,28.7,1
trace006,2,12.1,1
trace006,1,92.5,1
trace006,5,67.2,1
trace007,5,59.8,1
trace007,2,5.7,1
trace007,5,41.5,1
trace007,1,17.9,1
trace007,2,80.9,1
trace008,0,6.6,1
trace008,6,7.6,1
trace008,6,5.2,1
trace008,5,51.0,1
trace009,5,43.4,1
trace009,3,25.8,1
trace009,5,10.7,1
trace009,1,17.5,1
trace009,2,76.8,1
trace010,0,18.1,1
trace010,4,39.7,1
trace010,2,11.0,1
trace010,6,4.4,1
trace010,2,2.6,1
trace010,6,3.3,1
trace010,5,53.4,1
trace011,0,2.7,1
trace011,0,2.2,1
trace011,5,66.6,1
trace012,2,3.0,1
trace012,5,18.6,1
trace012,2,97.6,1
trace013,2,51.7,1
trace014,2,83.6,1
trace014,6,17.1,1
trace014,2,69.4,1
trace015,0,3.2,1
trace015,5,47.3,1
trace016,5,23.1,1
trace016,6,7.4,1
trace016,2,3.0,1
trace016,2,0.9,1
trace016,1,25.1,1
trace016,2,76.6,1
trace017,0,8.2,1
trace017,3,50.8,1
trace017,2,3.2,1
trace017,1,19.0,1
trace017,5,74.5,1
trace018,5,7.8,1
trace018,3,109.8,1
trace018,2,84.3,1
trace018,6,7.6,1
trace018,2,14.4,1
trace019,2,11.5,1
trace019,0,5.5,1
trace019,5,42.5,1
trace020,5,35.0,1
trace020,3,40.1,1
trace020,5,11.8,1
trace020,0,21.4,1
trace020,3,106.7,1
trace020,0,7.5,1
trace021,2,11.4,1
trace021,2,1.9,1
trace021,2,22.8,1
trace021,2,111.3,1
trace021,0,5.7,1
trace021,0,18.4,1
trace021,4,83.2,1
trace021,5,57.3,1
trace022,2,69.0,1
trace023,0,7.4,1
trace023,3,99.7,1
trace023,2,3.2,1
trace023,3,3.3,1
trace023,2,35.0,1
trace023,5,18.2,1
trace023,0,2.7,1
trace023,5,71.5,1
trace024,0,9.2,1
trace025,0,18.7,1
trace025,5,10.2,1
trace025,6,62.7,1
trace025,1,20.4,1
trace025,2,2.3,1
trace025,4,11.8,1
trace025,0,6.4,1
trace026,2,2.6,1
trace026,4,63.8,1
trace026,5,9.0,1
trace027,0,7.1,1
trace027,1,4.1,1
trace027,6,84.6,1
trace027,2,2.4,1
trace027,5,48.3,1
trace028,0,17.2,1
trace028,3,8.1,1
trace029,2,95.2,1
trace029,1,17.3,1
trace029,2,0.8,1
trace029,6,60.9,1
trace029,5,18.3,1
trace029,2,37.3,1
trace030,0,6.1,1
trace030,2,5.1,1
trace030,2,59.7,1
trace030,3,61.8,1
trace030,2,1.8,1
trace030,0,11.1,1
trace030,3,5.9,1
trace031,0,3.6,1
trace031,2,103.0,1
trace031,6,11.2,1
trace031,6,113.3,1
trace031,1,43.8,1
trace031,2,11.7,1
trace031,2,2.5,1
trace031,5,75.3,1
trace032,2,98.2,1
trace033,2,61.3,1
trace033,6,7.3,1
trace033,2,54.9,1
trace033,0,92.3,1
trace033,0,54.3,1
trace034,2,13.0,1
trace034,2,2.5,1
trace034,5,27.6,1
trace034,3,73.3,1
trace034,5,7.0,1
trace035,2,22.5,1
trace035,3,70.5,1
trace035,2,12.8,1
trace035,0,11.2,1
trace035,3,5.4,1
trace036,0,18.8,1
trace036,3,85.1,1
trace036,2,88.7,1
trace036,1,17.4,1
trace036,5,40.6,1
trace037,5,16.2,1
trace038,2,26.2,1
trace038,2,4.7,1
trace038,2,1.4,1
trace038,2,89.0,1
trace039,0,17.9,1
trace039,2,21.1,1
trace040,0,18.6,1
trace040,1,91.6,1
trace040,2,91.4,1
trace040,1,3.0,1
trace040,1,38.8,1
trace040,2,4.2,1
trace040,6,4.0,1
trace040,0,18.2,1
trace040,4,76.0,1
trace040,0,6.5,1
trace041,2,36.7,1
trace041,3,79.5,1
trace041,5,18.3,1
trace041,1,8.2,1
trace041,3,41.0,1
trace041,2,62.7,1
trace042,5,23.8,1
trace043,2,109.8,1
trace043,6,19.8,1
trace043,0,17.1,1
trace043,3,62.9,1
trace043,2,0.2,1
trace043,1,40.3,1
trace043,0,18.0,1
trace043,3,6.0,1
trace044,5,6.1,1
trace044,2,5.5,1
trace044,5,69.6,1
trace045,2,48.0,1
trace046,0,18.5,1
trace046,0,18.1,1
trace047,0,8.7,1
trace047,0,103.8,1
trace047,2,111.1,1
trace047,4,65.4,1
trace047,2,6.3,1
trace047,6,4.6,1
trace047,5,20.3,1
trace048,0,8.6,1
trace049,2,5.4,1
trace049,5,18.7,1
trace049,0,2.2,1
trace049,5,74.3,1
trace050,0,8.2,1
trace050,6,9.4,1
trace050,1,116.1,1
trace050,5,51.6,1
trace051,0,18.7,1
trace051,6,0.6,1
trace051,0,17.5,1
trace051,2,1.6,1
trace051,2,96.5,1
trace052,5,96.9,1
trace052,2,73.0,1
trace052,5,14.2,1
trace052,0,99.5,1
trace053,2,26.3,1
trace053,1,17.5,1
trace053,5,25.7,1
trace054,5,86.7,1
trace054,3,31.1,1
trace054,2,77.8,1
trace054,2,4.2,1
trace054,0,2.4,1
trace054,5,3.8,1
trace055,2,13.1,1
trace055,5,13.9,1
trace056,0,1.9,1
trace056,5,20.0,1
trace057,5,92.9,1
trace057,1,17.3,1
trace057,2,80.3,1
trace058,0,6.3,1
trace058,2,110.9,1
trace058,6,49.1,1
trace058,2,34.0,1
trace059,5,87.4,1
trace059,6,8.6,1
trace059,4,89.8,1
trace059,5,69.0,1
trace060,2,5.8,1
trace060,0,5.6,1
trace060,2,11.4,1
trace060,5,13.5,1
trace060,2,67.1,1
trace060,0,12.0,1
trace060,5,18.9,1
trace060,5,71.3,1
trace061,5,44.6,1
trace061,0,99.3,1
trace061,6,3.1,1
trace061,0,100.2,1
trace062,0,8.0,1
trace063,2,6.2,1
trace063,5,13.4,1
trace063,1,2.8,1
trace063,4,29.4,1
trace063,2,6.6,1
trace063,4,49.7,1
trace063,5,46.2,1
trace064,0,7.7,1
trace064,3,99.3,1
trace064,2,49.7,1
trace064,1,17.9,1
trace064,2,106.8,1
trace065,2,34.4,1
trace066,0,2.9,1
trace066,5,78.8,1
trace066,2,97.8,1
trace066,2,2.4,1
trace066,2,4.2,1
trace066,2,1.5,1
trace066,5,54.1,1
trace067,5,51.6,1
trace067,3,73.8,1
trace067,2,0.7,1
trace067,0,6.5,1
trace067,2,1.4,1
trace067,2,2.9,1
trace067,0,18.9,1
trace067,2,71.0,1
trace068,2,27.2,1
trace068,6,17.2,1
trace068,0,18.0,1
trace068,0,5.6,1
trace068,5,100.4,1
trace069,5,85.8,1
trace069,2,5.5,1
trace069,2,6.5,1
trace069,3,73.2,1
trace069,5,66.0,1
trace070,5,85.5,1
trace071,2,12.8,1
trace071,3,0.4,1
trace071,0,17.1,1
trace071,6,8.2,1
trace071,4,59.5,1
trace071,5,29.9,1
trace072,5,11.8,1
trace073,2,113.3,1
trace073,6,19.5,1
trace073,0,18.7,1
trace073,2,35.3,1
trace074,5,23.5,1
trace074,1,17.9,1
trace074,0,8.7,1
trace075,2,10.1,1
trace075,5,13.5,1
trace075,3,37.0,1
trace075,2,4.5,1
trace075,4,67.0,1
trace075,5,90.3,1
trace076,0,18.5,1
trace076,0,18.4,1
trace077,5,36.7,1
trace077,3,101.2,1
trace077,2,79.9,1
trace078,0,17.7,1
trace078,3,0.9,1
trace078,4,5.7,1
trace078,0,2.0,1
trace078,5,69.9,1
trace079,0,8.1,1
trace079,0,57.1,1
trace079,0,52.7,1
trace079,1,17.2,1
trace079,5,12.3,1
trace080,5,82.9,1
trace081,5,75.2,1
trace082,2,74.9,1
trace082,2,102.7,1
trace082,2,79.7,1
trace082,3,45.9,1
trace082,2,99.0,1
trace083,5,82.3,1
trace083,1,17.2,1
trace083,5,26.1,1
trace083,1,17.1,1
trace083,0,7.5,1
trace084,0,17.7,1
trace084,2,2.4,1
trace084,5,41.8,1
trace085,2,13.4,1
trace085,6,3.4,1
trace085,2,1.2,1
trace085,6,87.3,1
trace085,4,81.0,1
trace085,5,86.0,1
trace086,0,9.9,1
trace086,3,101.2,1
trace086,2,10.3,1
trace086,1,30.0,1
trace086,2,110.8,1
trace087,5,41.3,1
trace087,1,17.7,1
trace087,2,5.9,1
trace087,4,37.8,1
trace087,2,69.8,1
trace088,2,1.2,1
trace088,0,11.8,1
trace088,3,46.9,1
trace088,0,9.3,1
trace089,2,63.7,1
trace089,6,11.3,1
trace089,4,14.6,1
trace089,5,20.8,1
trace090,2,0.3,1
trace090,6,1.0,1
trace090,0,8.1,1
trace091,2,78.7,1
trace091,6,3.7,1
trace092,2,65.2,1
trace093,2,74.9,1
trace093,3,67.9,1
trace093,0,8.5,1
trace094,0,5.6,1
trace094,6,17.3,1
trace094,2,76.5,1
trace095,5,78.4,1
trace095,1,17.8,1
trace095,2,115.3,1
trace096,2,20.6,1
trace096,0,14.7,1
trace096,6,19.0,1
trace096,2,101.7,1
trace097,5,69.0,1
trace097,3,37.5,1
trace097,2,41.9,1
trace097,3,43.7,1
trace097,0,18.3,1
trace097,0,17.7,1
trace098,2,13.0,1
trace098,2,42.2,1
trace099,0,18.4,1
trace099,1,67.9,1
trace099,0,18.1,1
trace099,6,37.5,1
trace099,5,18.4,1
trace099,2,26.8,1
trace100,0,18.1,1
trace100,3,0.4,1
trace100,4,36.2,1
trace100,2,12.4,1
trace100,3,0.5,1
trace100,4,63.9,1
trace100,2,3.1,1
trace100,6,5.7,1
trace100,5,4.6,1
trace101,5,53.8,1
trace101,1,17.3,1
trace101,0,1.0,1
trace101,5,83.3,1
trace101,0,2.3,1
trace101,4,101.7,1
trace101,5,68.5,1
trace102,5,101.0,1
trace102,0,98.7,1
trace103,5,6.8,1
trace103,3,36.1,1
trace103,2,107.4,1
trace103,6,7.7,1
trace103,1,101.1,1
trace103,2,8.2,1
trace103,6,1.8,1
trace103,0,18.6,1
trace103,4,77.5,1
trace103,2,7.1,1
trace103,5,15.0,1
trace104,2,81.1,1
trace104,6,1.6,1
trace105,0,18.4,1
trace105,5,13.8,1
trace105,0,6.6,1
trace105,5,17.1,1
trace105,0,18.0,1
trace105,0,17.4,1
trace106,0,5.5,1
trace107,5,60.4,1
trace108,0,18.7,1
trace108,3,4.0,1
trace109,2,48.8,1
trace109,3,29.8,1
trace109,5,88.7,1
trace110,2,25.6,1
trace110,0,3.4,1
trace110,3,0.4,1
trace110,3,0.8,1
trace110,4,96.3,1
trace110,0,18.4,1
trace110,1,77.1,1
trace110,0,8.5,1
trace111,5,9.2,1
trace111,1,5.4,1
trace111,0,16.8,1
trace112,5,8.4,1
trace112,6,17.7,1
trace112,0,5.8,1
trace113,0,8.5,1
trace113,6,9.4,1
trace113,2,1.2,1
trace113,5,21.0,1
trace114,0,1.3,1
trace114,0,2.3,1
trace114,0,18.8,1
trace114,0,5.6,1
trace114,2,100.4,1
trace115,0,17.5,1
trace115,2,55.8,1
trace115,0,60.0,1
trace115,2,33.9,1
trace115,4,103.6,1
trace115,0,6.4,1
trace116,2,2.2,1
trace116,0,16.8,1
trace117,0,2.2,1
trace117,0,18.8,1
trace117,3,4.8,1
trace117,3,20.9,1
trace117,2,12.7,1
trace117,3,0.7,1
trace117,1,95.8,1
trace117,5,67.8,1
trace118,0,18.2,1
trace118,3,0.8,1
trace118,1,89.1,1
trace118,2,12.4,1
trace118,1,88.9,1
trace118,0,9.9,1
trace119,5,96.1,1
trace120,0,9.3,1
trace120,1,4.8,1
trace120,6,30.6,1
trace120,3,59.4,1
trace120,2,8.3,1
trace120,2,57.3,1
trace121,0,2.2,1
trace121,0,10.0,1
trace122,0,18.3,1
trace122,1,116.9,1
trace122,0,3.7,1
trace122,2,77.0,1
trace123,2,59.1,1
trace123,3,13.4,1
trace123,5,36.4,1
trace123,3,75.6,1
trace123,5,8.8,1
trace124,2,106.8,1
trace125,0,8.6,1
trace125,6,3.3,1
trace126,5,27.1,1
trace126,6,3.5,1
trace126,1,7.2,1
trace126,1,70.6,1
trace126,0,17.4,1
trace126,5,13.5,1
trace127,5,27.5,1
trace127,0,82.1,1
trace127,2,35.8,1
trace127,6,4.8,1
trace127,5,6.1,1
trace128,5,69.7,1
trace128,3,50.6,1
trace128,2,3.5,1
trace128,5,15.1,1
trace129,2,78.4,1
trace129,0,19.9,1
trace130,5,57.2,1
trace130,1,17.8,1
trace130,2,13.5,1
trace130,2,1.4,1
trace130,5,49.5,1
trace131,5,17.1,1
trace131,0,62.0,1
trace131,0,3.1,1
trace131,5,13.3,1
trace132,0,17.8,1
trace132,3,0.9,1
trace132,3,59.2,1
trace132,0,18.9,1
trace132,3,107.9,1
trace132,5,73.0,1
trace133,0,17.9,1
trace133,6,3.5,1
trace133,0,7.1,1
trace134,0,1.2,1
trace134,2,22.3,1
trace134,0,3.2,1
trace134,2,22.4,1
trace135,2,97.9,1
trace136,5,28.8,1
trace136,0,6.4,1
trace136,2,73.3,1
trace137,0,2.4,1
trace137,0,5.7,1
trace138,2,109.7,1
trace138,1,17.4,1
trace138,0,18.9,1
trace138,2,71.1,1
trace139,5,49.7,1
trace140,0,3.5,1
trace140,2,56.9,1
trace141,5,84.3,1
trace141,1,6.8,1
trace141,3,0.9,1
trace141,3,5.5,1
trace142,5,45.5,1
trace142,3,66.3,1
trace142,2,10.7,1
trace142,0,11.1,1
trace142,2,2.0,1
trace142,2,72.8,1
trace143,2,1.8,1
trace143,0,11.4,1
trace143,0,5.5,1
trace143,5,70.2,1
trace144,2,9.0,1
trace144,4,9.5,1
trace144,2,64.2,1
trace145,2,11.1,1
trace145,2,2.0,1
trace145,0,9.5,1
trace145,6,12.3,1
trace145,0,6.4,1
trace145,5,78.1,1
trace146,0,6.5,1
trace146,1,7.2,1
trace146,1,105.3,1
trace146,5,71.0,1
trace147,0,4.0,1
trace147,5,45.7,1
trace148,5,19.0,1
trace148,6,11.1,1
trace148,0,16.5,1
trace148,6,4.9,1
trace149,2,13.2,1
trace149,1,41.2,1
trace149,2,1.2,1
trace149,5,9.4,1
trace149,0,18.3,1
trace150,0,9.1,1
trace150,6,10.2,1
trace150,1,18.7,1
trace150,5,9.6,1
trace151,2,0.4,1
trace151,6,5.1,1
trace151,5,54.7,1
trace152,2,96.3,1
trace152,0,5.2,1
trace152,2,2.9,1
trace152,0,17.4,1
trace152,3,100.1,1
trace152,5,88.4,1
trace153,2,1.2,1
trace153,6,2.5,1
trace153,2,113.9,1
trace153,6,4.3,1
trace154,5,14.4,1
trace154,0,5.4,1
trace154,2,5.7,1
trace154,1,17.8,1
trace154,0,3.7,1
trace154,5,3.7,1
trace155,2,10.6,1
trace155,4,20.9,1
trace155,2,74.8,1
trace155,1,3.0,1
trace155,5,13.8,1
trace156,5,99.8,1
trace157,2,45.3,1
trace157,0,101.0,1
trace157,1,9.3,1
trace157,1,65.2,1
trace157,2,4.8,1
trace157,0,12.0,1
trace157,5,18.4,1
trace157,5,4.1,1
trace158,2,82.2,1
trace158,1,17.3,1
trace158,2,109.5,1
trace159,2,58.6,1
trace159,6,1.2,1
trace160,2,5.9,1
trace160,2,2.5,1
trace160,0,8.6,1
trace161,5,99.9,1
trace161,3,70.6,1
trace161,2,83.6,1
trace162,5,5.4,1
trace163,5,95.1,1
trace163,2,33.2,1
trace163,6,112.4,1
trace163,4,32.2,1
trace163,0,1.5,1
trace163,0,18.0,1
trace163,3,43.1,1
trace163,2,69.4,1
trace164,5,42.1,1
trace164,0,5.7,1
trace164,4,32.8,1
trace164,0,8.0,1
trace165,2,28.9,1
trace165,0,24.3,1
trace165,0,6.9,1
trace165,5,18.7,1
trace165,0,18.4,1
trace165,5,18.8,1
trace165,5,42.5,1
trace166,0,18.4,1
trace166,2,60.3,1
trace167,2,97.0,1
trace167,3,16.6,1
trace167,2,72.9,1
trace168,0,3.5,1
trace168,5,79.7,1
trace168,3,67.8,1
trace168,5,32.1,1
trace168,2,108.5,1
trace168,0,17.9,1
trace169,2,10.0,1
trace169,2,1.7,1
trace169,0,2.5,1
trace169,5,87.9,1
trace170,2,13.2,1
trace170,4,58.2,1
trace170,2,6.0,1
trace170,6,44.5,1
trace170,0,5.6,1
trace170,2,45.7,1
trace171,2,86.1,1
trace171,2,4.2,1
trace171,2,3.6,1
trace171,6,103.0,1
trace171,2,79.6,1
trace172,2,112.7,1
trace172,3,108.5,1
trace172,2,53.3,1
trace172,2,4.2,1
trace172,5,59.3,1
trace173,0,8.1,1
trace173,0,17.3,1
trace173,1,17.9,1
trace173,5,91.0,1
trace173,6,5.0,1
trace174,0,5.7,1
trace174,6,18.3,1
trace174,5,17.5,1
trace174,3,80.4,1
trace174,5,25.9,1
trace175,2,2.4,1
trace175,5,11.4,1
trace175,0,5.6,1
trace175,2,111.1,1
trace176,5,51.5,1
trace176,3,30.3,1
trace176,2,4.4,1
trace176,2,96.5,1
trace177,0,9.7,1
trace178,2,9.1,1
trace178,6,4.9,1
trace178,2,12.3,1
trace178,2,1.4,1
trace178,2,8.7,1
trace178,4,60.2,1
trace178,2,98.0,1
trace179,5,33.9,1
trace179,2,31.0,1
trace179,0,18.5,1
trace179,2,28.3,1
trace179,0,11.5,1
trace179,1,113.3,1
trace179,5,15.1,1
trace180,5,7.5,1
trace180,0,5.5,1
trace180,1,33.7,1
trace180,0,18.6,1
trace180,4,97.6,1
trace180,0,2.5,1
trace180,2,4.8,1
trace180,0,17.1,1
trace181,5,83.6,1
trace182,2,5.7,1
trace182,2,2.6,1
trace182,5,58.0,1
trace183,5,90.4,1
trace183,0,3.2,1
trace183,3,32.4,1
trace183,5,69.0,1
trace183,3,109.4,1
trace183,5,50.0,1
trace184,0,1.7,1
trace184,0,17.6,1
trace184,0,6.4,1
trace184,2,5.8,1
trace184,5,6.1,1
trace184,2,2.9,1
trace184,0,7.6,1
trace185,2,5.9,1
trace185,1,35.4,1
trace185,0,17.5,1
trace185,4,103.5,1
trace185,5,75.9,1
trace186,0,3.5,1
trace186,5,43.1,1
trace186,0,3.2,1
trace186,5,17.4,1
trace186,0,5.1,1
trace187,5,72.3,1
trace188,5,55.2,1
trace189,2,106.8,1
trace189,0,32.3,1
trace190,2,4.6,1
trace190,2,2.2,1
trace190,2,58.4,1
trace190,0,4.5,1
trace190,0,5.1,1
trace190,0,8.2,1
trace191,2,116.5,1
trace191,3,79.4,1
trace191,2,81.4,1
trace192,2,92.4,1
trace192,6,7.6,1
trace192,4,52.4,1
trace192,5,42.0,1
trace192,6,19.8,1
trace192,2,4.2,1
trace192,1,110.1,1
trace192,2,12.2,1
trace192,4,81.4,1
trace192,0,7.0,1
trace193,2,102.9,1
trace193,3,99.7,1
trace193,5,70.5,1
trace194,5,76.8,1
trace195,5,44.6,1
trace195,0,6.1,1
trace195,1,27.7,1
trace195,0,9.5,1
trace195,6,8.6,1
trace195,0,11.4,1
trace195,0,11.4,1
trace195,0,11.6,1
trace195,5,7.4,1
trace195,2,1.9,1
trace195,5,76.8,1
trace196,2,5.7,1
trace196,2,5.9,1
trace196,2,5.2,1
trace196,5,33.0,1
trace197,5,72.0,1
trace197,1,17.7,1
trace197,2,45.6,1
trace197,6,12.4,1
trace197,3,0.1,1
trace197,4,47.8,1
trace197,0,18.8,1
trace197,2,55.8,1
trace198,2,53.7,1
trace198,1,5.6,1
trace198,1,58.6,1
trace198,0,3.5,1
trace198,0,8.5,1
trace199,0,1.9,1
trace199,0,2.1,1
trace199,5,16.0,1
trace200,5,67.2,1
trace200,1,1.2,1
trace200,1,26.8,1
trace200,5,47.2,1
trace201,2,93.5,1
trace202,0,1.3,1
trace202,0,6.5,1
trace202,6,1.5,1
trace202,1,17.2,1
trace202,5,53.0,1
trace203,5,61.2,1
trace203,6,11.8,1
trace203,3,7.9,1
trace204,2,66.4,1
trace204,6,2.6,1
trace204,0,4.9,1
trace204,2,47.3,1
trace204,0,90.9,1
trace205,2,45.2,1
trace205,2,5.7,1
trace205,5,49.4,1
trace205,6,17.6,1
trace205,0,3.9,1
trace205,2,82.5,1
trace206,2,1.6,1
trace206,1,99.3,1
trace206,5,37.9,1
trace206,3,54.4,1
trace206,2,8.4,1
trace206,1,87.2,1
trace206,0,1.8,1
trace206,2,13.8,1
trace206,1,101.0,1
trace206,2,24.4,1
trace207,0,3.4,1
trace207,5,53.5,1
trace207,0,7.0,1
trace207,0,16.3,1
trace208,5,70.9,1
trace208,2,4.9,1
trace208,5,79.8,1
trace208,0,6.9,1
trace208,2,44.2,1
trace209,5,51.3,1
trace209,1,17.5,1
trace209,0,18.6,1
trace209,0,12.0,1
trace209,2,78.8,1
trace210,2,1.4,1
trace210,0,18.2,1
trace210,0,63.3,1
trace210,3,97.7,1
trace210,0,6.6,1
trace211,0,3.0,1
trace211,5,34.9,1
trace212,2,5.2,1
trace212,2,85.3,1
trace213,0,18.1,1
trace213,5,15.5,1
trace213,2,50.9,1
trace213,6,61.5,1
trace213,2,17.7,1
trace214,2,37.4,1
trace214,3,11.5,1
trace214,5,57.2,1
trace215,5,97.9,1
trace215,3,50.7,1
trace215,0,18.8,1
trace215,3,6.9,1
trace216,5,100.3,1
trace217,0,18.6,1
trace217,2,2.1,1
trace217,2,110.6,1
trace218,0,8.2,1
trace218,2,5.1,1
trace218,0,2.2,1
trace218,5,83.2,1
trace219,2,6.8,1
trace219,1,42.6,1
trace219,0,2.5,1
trace219,0,7.2,1
trace220,5,64.9,1
trace220,0,3.4,1
trace220,6,4.9,1
trace220,5,96.3,1
trace221,2,14.0,1
trace221,6,3.2,1
trace221,5,85.4,1
trace222,5,4.2,1
trace223,5,36.9,1
trace224,2,1.0,1
trace224,6,109.9,1
trace224,5,18.1,1
trace224,5,66.0,1
trace225,0,17.7,1
trace225,0,5.8,1
trace225,0,1.4,1
trace225,2,98.8,1
trace225,1,17.4,1
trace225,2,24.7,1
trace226,2,92.4,1
trace226,6,1.9,1
trace226,1,17.3,1
trace226,5,46.7,1
trace227,2,10.1,1
trace227,2,2.3,1
trace227,5,76.7,1
trace228,0,18.6,1
trace228,3,93.6,1
trace228,0,3.1,1
trace228,2,0.4,1
trace228,5,11.9,1
trace228,6,5.6,1
trace228,5,86.1,1
trace229,0,6.2,1
trace229,1,8.1,1
trace229,4,70.0,1
trace229,2,107.0,1
trace230,0,18.3,1
trace230,0,17.9,1
trace230,1,17.2,1
trace230,5,98.8,1
trace231,5,70.5,1
trace231,0,60.1,1
trace231,0,3.4,1
trace231,4,17.3,1
trace231,5,76.2,1
trace232,5,20.5,1
trace232,1,4.0,1
trace232,5,15.8,1
trace233,0,17.7,1
trace233,5,15.5,1
trace233,3,64.9,1
trace233,5,101.7,1
trace234,5,69.7,1
trace234,6,10.4,1
trace234,6,3.5,1
trace234,5,40.6,1
trace235,0,9.4,1
trace235,1,6.9,1
trace235,6,5.1,1
trace235,0,5.3,1
trace235,6,19.6,1
trace235,0,3.8,1
trace235,2,42.1,1
trace236,5,50.1,1
trace236,0,66.5,1
trace236,6,12.6,1
trace236,5,9.1,1
trace236,3,0.2,1
trace236,3,0.1,1
trace236,0,16.7,1
trace237,5,53.6,1
trace237,6,19.1,1
trace237,2,10.2,1
trace237,0,6.7,1
trace237,2,6.8,1
trace237,1,23.8,1
trace237,2,103.9,1
trace238,2,0.6,1
trace238,1,68.7,1
trace238,0,2.6,1
trace238,2,65.2,1
trace239,0,2.4,1
trace239,2,54.7,1
trace239,0,3.9,1
trace239,3,0.3,1
trace239,5,6.2,1
trace239,3,8.6,1
trace240,0,18.9,1
trace240,0,5.8,1
trace240,0,18.3,1
trace240,5,15.4,1
trace241,0,17.0,1
trace241,4,102.9,1
trace241,2,5.6,1
trace241,5,2.1,1
trace241,0,18.8,1
trace242,2,76.9,1
trace242,2,5.7,1
trace242,5,51.6,1
trace242,6,3.9,1
trace243,0,3.3,1
trace243,5,86.4,1
trace244,2,40.0,1
trace244,1,17.4,1
trace244,0,9.1,1
trace244,3,28.7,1
trace244,2,1.9,1
trace244,1,69.7,1
trace244,0,7.1,1
trace245,2,2.6,1
trace245,6,83.1,1
trace245,2,52.3,1
trace245,2,4.7,1
trace245,0,7.9,1
trace246,0,1.8,1
trace246,0,1.8,1
trace246,2,12.7,1
trace246,0,5.7,1
trace246,0,7.0,1
trace247,2,7.5,1
trace247,3,57.8,1
trace247,2,8.3,1
trace247,2,2.5,1
trace247,5,70.1,1
trace248,0,5.3,1
trace248,2,5.3,1
trace248,0,18.2,1
trace248,3,0.7,1
trace248,1,19.4,1
trace248,5,14.5,1
trace249,2,6.3,1
trace249,1,73.7,1
trace249,0,17.7,1
trace249,1,18.6,1
trace249,0,2.7,1
trace249,0,3.0,1
trace249,5,100.3,1
trace250,5,92.8,1
trace250,6,17.5,1
trace250,5,43.2,1
trace251,2,28.6,1
trace251,6,2.2,1
trace251,0,4.9,1
trace251,5,18.6,1
trace251,0,7.0,1
trace252,0,2.0,1
trace252,0,3.1,1
trace252,2,2.3,1
trace252,0,17.9,1
trace253,5,80.1,1
trace253,2,4.9,1
trace253,5,33.4,1
trace253,1,1.3,1
trace253,5,19.0,1
trace253,0,8.5,1
trace254,5,24.9,1
trace254,3,23.2,1
trace254,5,35.7,1
trace255,5,14.0,1
trace255,2,5.6,1
trace255,5,79.1,1
trace256,0,9.4,1
trace256,2,79.1,1
trace256,1,90.0,1
trace256,0,9.2,1
trace257,2,38.8,1
trace257,3,63.0,1
trace257,0,6.7,1
trace258,2,1.5,1
trace258,0,17.0,1
trace258,6,4.2,1
trace259,0,5.8,1
trace259,0,6.4,1
trace259,0,5.7,1
trace259,2,12.2,1
trace259,6,2.9,1
trace259,2,78.9,1
trace260,2,4.2,1
trace260,0,11.6,1
trace260,1,22.4,1
trace260,0,2.0,1
trace260,0,2.8,1
trace260,0,18.7,1
trace260,2,78.0,1
trace261,2,5.6,1
trace261,3,70.3,1
trace261,2,102.9,1
trace262,0,7.7,1
trace262,1,1.4,1
trace262,2,2.2,1
trace262,0,1.0,1
trace262,0,18.9,1
trace262,3,108.3,1
trace262,2,112.7,1
trace263,5,57.6,1
trace263,6,18.7,1
trace263,0,9.8,1
trace263,3,94.8,1
trace263,2,11.6,1
trace263,6,19.6,1
trace263,6,109.3,1
trace263,3,0.8,1
trace263,1,23.9,1
trace263,2,34.0,1
trace264,0,18.4,1
trace264,3,0.7,1
trace264,5,15.9,1
trace264,2,65.8,1
trace264,6,15.4,1
trace264,2,45.3,1
trace265,5,79.4,1
trace265,1,4.9,1
trace265,6,108.0,1
trace265,4,77.1,1
trace265,2,2.1,1
trace265,2,99.7,1
trace266,0,7.6,1
trace266,0,77.8,1
trace266,2,64.5,1
trace266,2,56.0,1
trace267,2,99.8,1
trace267,3,28.4,1
trace267,5,65.0,1
trace268,2,3.8,1
trace268,6,71.6,1
trace268,4,96.4,1
trace268,2,5.4,1
trace268,6,1.3,1
trace268,0,8.5,1
trace269,0,17.2,1
trace269,5,14.8,1
trace269,3,38.6,1
trace269,0,8.5,1
trace269,3,25.8,1
trace269,2,27.2,1
trace270,0,7.6,1
trace270,6,8.6,1
trace270,5,4.6,1
trace270,4,41.4,1
trace270,0,1.5,1
trace270,2,2.4,1
trace270,1,82.4,1
trace270,5,13.9,1
trace271,2,11.0,1
trace271,3,5.9,1
trace271,2,5.2,1
trace271,2,7.7,1
trace271,5,7.5,1
trace271,5,15.1,1
trace272,0,17.6,1
trace272,5,14.6,1
trace272,6,7.6,1
trace272,1,71.6,1
trace272,0,6.3,1
trace273,5,55.0,1
trace273,3,94.0,1
trace273,5,19.3,1
trace274,2,75.8,1
trace275,2,8.8,1
trace275,5,17.1,1
trace275,0,3.8,1
trace275,0,17.7,1
trace275,2,1.2,1
trace275,2,110.2,1
trace276,5,49.0,1
trace276,1,17.7,1
trace276,2,84.5,1
trace277,2,83.3,1
trace277,0,7.4,1
trace277,1,51.8,1
trace277,0,2.9,1
trace277,5,30.0,1
trace278,0,3.8,1
trace278,0,2.2,1
trace278,2,41.3,1
trace278,1,17.3,1
trace278,0,8.1,1
trace279,2,10.4,1
trace279,4,27.4,1
trace279,5,33.8,1
trace280,0,1.3,1
trace280,0,17.9,1
trace280,0,11.7,1
trace280,3,3.0,1
trace280,1,17.6,1
trace280,5,50.6,1
trace281,2,114.6,1
trace281,3,27.2,1
trace281,2,61.9,1
trace282,5,78.1,1
trace282,3,43.0,1
trace282,0,6.6,1
trace282,0,2.8,1
trace282,3,4.8,1
trace283,2,102.9,1
trace283,2,77.7,1
trace283,0,11.6,1
trace283,4,84.4,1
trace283,5,31.5,1
trace284,2,35.9,1
trace284,1,18.0,1
trace284,0,17.3,1
trace284,3,3.6,1
trace284,3,58.1,1
trace284,5,73.6,1
trace285,2,62.1,1
trace286,0,6.5,1
trace286,0,4.3,1
trace286,2,27.3,1
trace286,3,51.3,1
trace286,0,1.5,1
trace286,5,92.0,1
trace287,2,52.0,1
trace287,0,4.4,1
trace287,3,21.1,1
trace287,2,11.5,1
trace287,6,32.7,1
trace287,3,0.6,1
trace287,4,63.5,1
trace287,5,10.8,1
trace288,2,7.1,1
trace288,4,77.3,1
trace288,5,100.9,1
trace288,0,2.2,1
trace288,5,18.3,1
trace288,5,4.1,1
trace289,5,98.5,1
trace289,1,17.9,1
trace289,5,69.3,1
trace289,6,18.0,1
trace289,5,42.3,1
trace290,2,94.0,1
trace291,5,92.6,1
trace291,3,63.5,1
trace291,0,18.6,1
trace291,2,8.5,1
trace292,5,63.9,1
trace293,5,67.2,1
trace293,6,10.7,1
trace293,6,5.4,1
trace293,0,2.7,1
trace293,0,9.5,1
trace294,5,44.7,1
trace295,2,92.1,1
trace295,0,2.2,1
trace295,1,83.4,1
trace295,5,56.0,1
trace296,0,6.4,1
trace297,5,31.6,1
trace297,3,76.1,1
trace297,0,1.3,1
trace297,0,17.7,1
trace297,4,102.3,1
trace297,2,18.5,1
trace298,5,36.7,1
trace299,2,3.3,1
trace299,6,81.3,1
trace299,3,81.0,1
trace299,0,8.5,1
trace299,0,73.6,1
trace300,2,48.0,1
trace301,2,50.3,1
trace302,2,2.2,1
trace302,0,16.3,1
trace302,2,4.3,1
trace302,5,89.9,1
trace302,6,10.4,1
trace302,1,103.0,1
trace302,5,26.0,1
trace303,5,68.2,1
trace303,2,47.9,1
trace303,6,97.5,1
trace303,1,93.3,1
trace303,5,20.1,1
trace304,2,3.8,1
trace304,6,4.7,1
trace304,2,12.9,1
trace304,5,2.5,1
trace304,1,99.2,1
trace304,5,18.6,1
trace305,5,34.1,1
trace306,5,98.9,1
trace306,6,3.7,1
trace307,0,8.3,1
trace308,2,76.6,1
trace308,0,5.2,1
trace308,5,13.9,1
trace309,0,2.0,1
trace309,5,58.7,1
trace309,6,19.6,1
trace309,2,102.6,1
trace310,0,18.4,1
trace310,3,50.2,1
trace310,5,37.1,1
trace311,2,79.0,1
trace311,6,17.9,1
trace311,2,98.7,1
trace312,5,16.5,1
trace312,2,5.1,1
trace312,5,58.6,1
trace313,5,10.6,1
trace313,0,52.3,1
trace313,6,19.7,1
trace313,0,9.1,1
trace314,5,19.1,1
trace314,6,3.2,1
trace315,5,67.6,1
trace315,2,47.3,1
trace315,6,32.9,1
trace315,2,1.2,1
trace315,0,17.2,1
trace315,5,18.3,1
trace315,2,18.5,1
trace316,5,22.4,1
trace316,3,94.3,1
trace316,5,27.9,1
trace316,2,112.5,1
trace316,6,93.6,1
trace316,3,88.6,1
trace316,0,1.6,1
trace316,2,8.7,1
trace316,0,11.5,1
trace316,4,43.4,1
trace316,5,22.6,1
trace317,5,59.0,1
trace317,1,5.3,1
trace317,2,1.1,1
trace317,2,75.4,1
trace318,0,18.7,1
trace318,3,19.3,1
trace318,2,1.8,1
trace318,5,9.6,1
trace318,6,4.1,1
trace318,5,64.3,1
trace319,0,18.3,1
trace319,6,4.8,1
trace319,0,2.9,1
trace319,5,85.4,1
trace320,5,35.4,1
trace320,0,5.1,1
trace320,1,109.0,1
trace320,2,2.9,1
trace320,3,0.2,1
trace320,5,14.4,1
trace321,5,31.8,1
trace321,2,25.1,1
trace321,4,64.2,1
trace321,5,45.2,1
trace322,5,83.4,1
trace322,2,5.0,1
trace322,0,5.4,1
trace323,5,87.5,1
trace323,6,18.4,1
trace323,5,26.6,1
trace323,6,17.2,1
trace323,0,17.3,1
trace323,5,15.7,1
trace324,2,1.4,1
trace324,1,50.4,1
trace324,0,8.2,1
trace325,2,74.6,1
trace326,0,2.3,1
trace326,5,40.4,1
trace326,6,11.5,1
trace326,3,86.7,1
trace326,2,4.5,1
trace326,5,2.6,1
trace326,0,5.6,1
trace326,5,22.5,1
trace327,5,38.6,1
trace327,0,6.2,1
trace327,2,102.1,1
trace328,5,14.4,1
trace328,1,2.7,1
trace328,2,63.7,1
trace329,0,18.4,1
trace329,3,0.6,1
trace329,4,8.1,1
trace329,2,98.5,1
trace329,0,3.3,1
trace329,0,17.0,1
trace330,5,86.0,1
trace331,5,91.1,1
trace331,2,6.0,1
trace331,5,74.6,1
trace331,3,30.5,1
trace331,2,13.1,1
trace331,2,69.3,1
trace332,5,20.9,1
trace333,2,77.1,1
trace333,1,17.2,1
trace333,0,7.5,1
trace334,0,6.9,1
trace334,6,9.8,1
trace334,4,94.4,1
trace334,0,18.0,1
trace334,3,6.2,1
trace335,2,3.2,1
trace335,5,4.0,1
trace335,2,97.7,1
trace335,0,2.6,1
trace335,1,98.8,1
trace335,0,2.9,1
trace335,5,60.0,1
trace336,5,75.7,1
trace336,1,2.6,1
trace336,5,2.8,1
trace336,1,110.9,1
trace336,2,82.7,1
trace337,2,28.1,1
trace337,1,5.7,1
trace337,6,56.8,1
trace337,1,36.7,1
trace337,5,36.1,1
trace338,2,11.7,1
trace338,5,3.6,1
trace338,0,11.8,1
trace338,1,107.4,1
trace338,5,98.1,1
trace339,2,10.2,1
trace339,5,10.8,1
trace339,4,87.0,1
trace339,2,72.9,1
trace340,0,18.5,1
trace340,3,0.4,1
trace340,1,80.4,1
trace340,2,42.2,1
trace340,6,18.2,1
trace340,0,1.4,1
trace340,0,2.6,1
trace340,0,9.9,1
trace341,5,25.5,1
trace341,2,5.4,1
trace341,0,9.7,1
trace342,5,55.3,1
trace342,6,3.4,1
trace342,2,4.6,1
trace342,0,5.9,1
trace342,2,52.6,1
trace342,6,1.8,1
trace342,0,3.1,1
trace342,2,37.5,1
trace343,2,12.8,1
trace343,0,16.7,1
trace344,2,3.2,1
trace344,5,6.7,1
trace344,6,5.4,1
trace344,5,46.5,1
trace345,5,48.0,1
trace346,2,60.5,1
trace346,3,33.4,1
trace346,5,48.4,1
trace346,2,5.6,1
trace346,5,51.6,1
trace347,0,18.5,1
trace347,3,0.3,1
trace347,2,1.2,1
trace347,5,40.6,1
trace348,5,90.6,1
trace348,6,3.5,1
trace348,3,41.9,1
trace348,5,41.0,1
trace349,2,42.4,1
trace349,1,1.9,1
trace349,2,89.2,1
trace350,0,1.7,1
trace350,2,3.6,1
trace350,3,35.3,1
trace350,2,7.4,1
trace350,5,19.0,1
trace350,5,22.2,1
trace351,2,9.2,1
trace351,6,4.4,1
trace351,0,6.6,1
trace352,0,3.5,1
trace352,2,10.7,1
trace352,0,18.5,1
trace353,5,48.1,1
trace353,0,4.9,1
trace353,3,82.1,1
trace353,0,9.8,1
trace354,0,8.0,1
trace354,6,4.8,1
trace354,1,17.4,1
trace354,5,59.2,1
trace355,2,52.1,1
trace355,6,3.8,1
trace355,6,4.3,1
trace355,0,3.3,1
trace355,4,70.0,1
trace355,2,109.2,1
trace356,0,7.2,1
trace357,0,7.1,1
trace357,2,94.9,1
trace357,2,62.0,1
trace357,6,17.5,1
trace357,5,81.0,1
trace358,5,47.4,1
trace358,2,4.3,1
trace358,0,7.6,1
trace359,2,25.8,1
trace359,0,3.6,1
trace359,2,19.7,1
trace360,0,3.3,1
trace360,5,43.3,1
trace361,5,9.1,1
trace362,0,9.4,1
trace363,5,85.2,1
trace364,2,3.1,1
trace364,1,69.2,1
trace364,2,12.8,1
trace364,5,14.3,1
trace365,0,17.1,1
trace365,5,13.7,1
trace365,3,64.7,1
trace365,5,102.8,1
trace366,2,6.6,1
trace366,5,13.0,1
trace366,1,17.2,1
trace366,0,3.6,1
trace366,5,82.0,1
trace367,5,52.8,1
trace368,0,3.7,1
trace368,2,5.2,1
trace368,5,14.9,1
trace369,0,9.4,1
trace369,6,8.5,1
trace369,4,58.9,1
trace369,2,33.9,1
trace369,0,5.0,1
trace369,4,55.2,1
trace369,5,37.3,1
trace370,0,5.3,1
trace370,1,17.3,1
trace370,2,6.4,1
trace370,2,1.7,1
trace370,5,14.2,1
trace371,2,49.9,1
trace372,5,16.2,1
trace372,0,47.1,1
trace372,6,19.6,1
trace372,2,8.5,1
trace372,2,1.7,1
trace372,2,61.3,1
trace373,5,29.0,1
trace373,2,46.0,1
trace373,6,2.0,1
trace373,0,17.2,1
trace373,1,23.2,1
trace373,0,17.7,1
trace373,6,84.1,1
trace373,5,2.5,1
trace373,2,2.8,1
trace373,2,5.3,1
trace373,6,55.5,1
trace373,0,6.2,1
trace373,5,76.4,1
trace374,0,2.3,1
trace374,2,2.7,1
trace374,1,43.6,1
trace374,2,8.9,1
trace374,0,18.4,1
trace375,2,30.7,1
trace375,6,19.3,1
trace375,2,51.4,1
trace376,2,12.1,1
trace376,1,34.6,1
trace376,0,1.7,1
trace376,0,3.6,1
trace376,5,54.7,1
trace377,0,6.2,1
trace377,1,17.3,1
trace377,2,80.5,1
trace378,5,71.9,1
trace378,6,10.6,1
trace378,5,14.5,1
trace378,6,17.7,1
trace378,2,102.0,1
trace379,0,1.6,1
trace379,0,2.2,1
trace379,0,17.7,1
trace379,6,44.4,1
trace379,1,113.7,1
trace379,2,56.3,1
trace380,2,106.2,1
trace380,3,17.6,1
trace380,2,44.5,1
trace380,6,17.4,1
trace380,0,2.8,1
trace380,0,2.1,1
trace380,5,52.4,1
trace381,2,61.5,1
trace382,0,7.2,1
trace383,2,99.6,1
trace383,2,6.0,1
trace383,0,8.4,1
trace383,2,113.4,1
trace383,5,13.3,1
trace384,5,43.8,1
trace384,0,7.4,1
trace384,0,17.7,1
trace385,5,57.7,1
trace385,1,1.4,1
trace385,2,56.8,1
trace386,2,114.2,1
trace386,1,17.1,1
trace386,5,96.0,1
trace387,2,13.1,1
trace387,0,6.5,1
trace387,5,16.1,1
trace387,1,1.3,1
trace387,3,54.2,1
trace387,5,71.4,1
trace388,5,20.5,1
trace388,2,4.7,1
trace388,2,63.2,1
trace388,3,41.5,1
trace388,2,13.2,1
trace388,2,1.8,1
trace388,5,59.6,1
trace389,5,27.0,1
trace389,3,82.2,1
trace389,0,3.7,1
trace389,2,22.2,1
trace390,2,10.3,1
trace390,0,18.3,1
trace391,0,18.7,1
trace391,2,2.9,1
trace391,2,24.5,1
trace392,2,71.5,1
trace392,2,31.6,1
trace392,5,18.2,1
trace392,0,6.7,1
trace392,1,1.1,1
trace392,0,18.5,1
trace393,5,17.8,1
trace393,3,74.7,1
trace393,5,36.2,1
trace393,0,6.2,1
trace393,3,15.5,1
trace393,5,9.7,1
trace394,0,17.4,1
trace394,0,6.5,1
trace394,5,49.7,1
trace394,1,5.8,1
trace394,4,12.1,1
trace394,2,82.1,1
trace395,2,93.4,1
trace395,3,29.3,1
trace395,0,7.8,1
trace396,2,5.1,1
trace396,0,11.1,1
trace396,5,6.2,1
trace396,6,5.9,1
trace396,0,3.8,1
trace396,5,100.1,1
trace397,0,17.6,1
trace397,0,11.9,1
trace397,5,3.0,1
trace397,1,74.3,1
trace397,5,34.1,1
trace398,2,4.0,1
trace398,1,67.4,1
trace398,5,27.1,1
trace399,5,43.4,1
trace400,2,1.8,1
trace400,1,117.1,1
trace400,2,112.1,1
trace401,2,3.7,1
trace401,5,15.0,1
trace402,2,6.7,1
trace402,1,66.8,1
trace402,0,2.2,1
trace402,5,62.3,1
trace403,0,2.4,1
trace403,5,92.5,1
trace403,3,86.8,1
trace403,5,56.1,1
trace404,0,6.8,1
trace404,6,1.1,1
trace404,2,90.9,1
trace404,3,8.7,1
trace405,5,50.5,1
trace405,1,17.6,1
trace405,2,113.1,1
trace406,5,15.1,1
trace406,6,19.8,1
trace406,0,17.1,1
trace406,3,7.3,1
trace406,3,35.7,1
trace406,0,18.5,1
trace406,0,6.1,1
trace406,5,7.5,1
trace407,2,46.7,1
trace407,6,2.5,1
trace407,0,2.4,1
trace407,4,98.9,1
trace407,0,8.4,1
trace408,2,21.7,1
trace408,1,4.9,1
trace408,1,21.8,1
trace408,5,94.6,1
trace409,0,17.9,1
trace409,2,33.8,1
trace409,2,54.8,1
trace409,3,0.4,1
trace409,0,5.6,1
trace409,2,13.8,1
trace409,5,18.4,1
trace409,0,17.9,1
trace409,2,60.8,1
trace410,0,9.5,1
trace410,2,5.9,1
trace410,5,34.0,1
trace411,0,5.2,1
trace411,6,18.3,1
trace411,0,8.0,1
trace412,2,5.3,1
trace412,6,1.4,1
trace412,5,30.8,1
trace413,0,3.0,1
trace413,0,18.5,1
trace413,3,0.8,1
trace413,6,18.8,1
trace413,6,1.1,1
trace413,2,19.7,1
trace414,5,56.1,1
trace414,0,3.0,1
trace414,4,101.0,1
trace414,0,2.2,1
trace414,2,31.2,1
trace415,0,3.9,1
trace415,5,86.1,1
trace415,6,18.0,1
trace415,0,17.2,1
trace415,1,78.0,1
trace415,0,7.2,1
trace416,0,18.1,1
trace416,5,18.0,1
trace416,2,99.3,1
trace416,3,85.7,1
trace416,0,5.9,1
trace417,0,17.1,1
trace417,0,16.6,1
trace417,2,108.6,1
trace417,1,70.6,1
trace417,0,17.9,1
trace417,2,2.8,1
trace417,5,49.6,1
trace418,2,103.7,1
trace418,0,5.8,1
trace418,5,15.4,1
trace419,0,3.6,1
trace419,0,9.0,1
trace419,3,93.5,1
trace419,0,7.4,1
trace419,2,27.1,1
trace419,2,1.6,1
trace419,0,18.3,1
trace419,6,1.4,1
trace419,2,64.3,1
trace420,5,33.0,1
trace420,1,17.6,1
trace420,0,6.7,1
trace420,1,5.1,1
trace420,1,108.1,1
trace420,2,90.1,1
trace421,2,8.0,1
trace421,0,11.9,1
trace421,0,6.8,1
trace421,5,15.3,1
trace421,0,97.4,1
trace422,2,11.4,1
trace422,3,0.5,1
trace422,3,28.1,1
trace422,0,17.4,1
trace422,3,5.2,1
trace423,5,63.3,1
trace424,0,18.4,1
trace424,2,44.4,1
trace424,1,6.3,1
trace424,0,5.6,1
trace424,0,3.7,1
trace424,5,29.0,1
trace425,5,102.0,1
trace426,5,50.9,1
trace426,6,9.1,1
trace426,2,1.7,1
trace426,5,84.1,1
trace427,0,2.7,1
trace427,2,4.5,1
trace427,1,83.7,1
trace427,0,18.9,1
trace427,3,0.4,1
trace427,6,20.0,1
trace427,3,0.4,1
trace427,3,40.2,1
trace427,5,79.4,1
trace428,2,49.7,1
trace428,2,56.0,1
trace428,2,78.1,1
trace428,0,58.2,1
trace428,1,17.5,1
trace428,0,18.4,1
trace428,4,25.4,1
trace428,0,7.8,1
trace429,2,0.1,1
trace429,3,58.9,1
trace429,5,10.1,1
trace430,2,75.1,1
trace430,2,4.8,1
trace430,5,50.3,1
trace431,2,5.8,1
trace431,1,75.7,1
trace431,2,10.2,1
trace431,2,47.1,1
trace432,2,1.7,1
trace432,3,7.9,1
trace432,3,41.5,1
trace432,5,37.2,1
trace433,2,8.6,1
trace433,1,35.2,1
trace433,0,17.4,1
trace433,5,13.6,1
trace434,5,57.6,1
trace434,1,9.9,1
trace434,0,18.6,1
trace434,1,17.9,1
trace434,0,17.8,1
trace434,6,76.5,1
trace434,2,2.9,1
trace434,5,29.2,1
trace435,0,5.6,1
trace436,2,75.5,1
trace437,2,18.2,1
trace438,0,17.0,1
trace438,0,6.1,1
trace438,2,19.8,1
trace438,3,83.3,1
trace438,5,79.6,1
trace439,2,29.9,1
trace439,1,17.6,1
trace439,5,97.3,1
trace440,0,9.4,1
trace440,0,3.3,1
trace440,5,5.3,1
trace440,6,70.9,1
trace440,6,31.6,1
trace440,2,36.3,1
trace441,2,30.4,1
trace441,2,5.4,1
trace441,0,2.9,1
trace441,0,18.9,1
trace441,4,88.6,1
trace441,5,67.3,1
trace442,0,3.8,1
trace442,5,30.8,1
trace443,0,3.9,1
trace443,0,5.7,1
trace443,0,3.5,1
trace443,4,38.6,1
trace443,2,11.5,1
trace443,3,6.2,1
trace444,0,1.4,1
trace444,0,1.6,1
trace444,0,3.9,1
trace444,0,17.2,1
trace444,1,39.2,1
trace444,5,12.2,1
trace445,0,9.7,1
trace446,2,2.8,1
trace446,1,76.4,1
trace446,0,6.9,1
trace447,2,95.9,1
trace447,2,53.4,1
trace447,5,13.7,1
trace448,0,17.4,1
trace448,1,27.6,1
trace448,0,1.3,1
trace448,2,100.5,1
trace448,6,1.2,1
trace449,0,8.7,1
trace449,6,7.3,1
trace449,4,103.1,1
trace449,2,39.7,1
trace449,6,1.2,1
trace450,2,7.1,1
trace450,4,59.6,1
trace450,0,9.9,1
trace451,2,79.9,1
trace451,6,17.3,1
trace451,2,11.0,1
trace451,0,17.2,1
trace452,2,6.9,1
trace452,2,29.6,1
trace452,3,42.3,1
trace452,2,2.4,1
trace452,2,56.9,1
trace453,0,17.4,1
trace453,3,17.4,1
trace453,2,110.5,1
trace454,5,100.8,1
trace455,2,41.1,1
trace456,0,1.9,1
trace456,2,85.8,1
trace456,2,5.4,1
trace456,2,73.1,1
trace457,0,17.5,1
trace457,1,54.5,1
trace457,2,62.4,1
trace458,5,91.2,1
trace458,0,5.6,1
trace458,3,0.3,1
trace458,3,5.7,1
trace459,2,115.7,1
trace459,3,24.6,1
trace459,2,71.0,1
trace460,5,77.6,1
trace461,2,78.1,1
trace461,0,4.5,1
trace461,1,19.6,1
trace461,2,92.6,1
trace462,2,8.0,1
trace462,4,55.5,1
trace462,2,78.9,1
trace462,1,17.3,1
trace462,0,4.0,1
trace462,5,58.1,1
trace463,5,93.0,1
trace464,5,64.0,1
trace464,3,104.2,1
trace464,0,5.3,1
trace465,2,105.2,1
trace466,0,17.4,1
trace466,4,17.9,1
trace466,2,5.9,1
trace466,3,4.3,1
trace467,0,18.1,1
trace467,3,5.8,1
trace468,2,33.1,1
trace468,2,48.6,1
trace468,6,48.5,1
trace468,6,3.3,1
trace468,0,17.2,1
trace468,5,13.1,1
trace469,5,21.5,1
trace470,2,14.0,1
trace470,1,91.5,1
trace470,2,13.1,1
trace470,0,11.9,1
trace470,3,6.0,1
trace471,0,3.5,1
trace471,5,96.2,1
trace471,3,26.1,1
trace471,2,39.5,1
trace472,2,70.0,1
trace472,2,4.3,1
trace472,0,17.4,1
trace472,2,1.9,1
trace472,2,66.3,1
trace473,0,5.8,1
trace473,0,82.3,1
trace473,6,8.8,1
trace473,5,17.9,1
trace473,0,17.3,1
trace473,6,3.1,1
trace473,2,81.4,1
trace474,2,83.4,1
trace474,0,3.1,1
trace474,1,31.6,1
trace474,2,48.2,1
trace475,2,65.8,1
trace475,6,4.7,1
trace475,6,17.3,1
trace475,2,99.4,1
trace475,2,55.8,1
trace475,2,97.9,1
trace476,2,110.6,1
trace476,2,41.9,1
trace476,4,59.8,1
trace476,5,54.8,1
trace476,3,58.1,1
trace476,0,7.4,1
trace477,0,18.3,1
trace477,4,18.6,1
trace477,5,38.3,1
trace478,5,78.8,1
trace478,0,78.2,1
trace479,5,102.8,1
trace479,6,8.8,1
trace479,3,4.2,1
trace480,0,3.9,1
trace480,5,26.6,1
trace480,1,3.1,1
trace480,4,20.4,1
trace480,2,11.9,1
trace480,2,51.7,1
trace481,0,17.4,1
trace481,5,18.0,1
trace481,0,1.2,1
trace481,5,33.4,1
trace481,1,17.9,1
trace481,5,53.1,1
trace482,0,17.4,1
trace482,4,66.5,1
trace482,2,43.4,1
trace483,2,108.7,1
trace483,3,82.6,1
trace483,5,53.6,1
trace484,5,56.6,1
trace484,3,73.2,1
trace484,0,3.6,1
trace484,5,71.5,1
trace485,2,93.0,1
trace485,3,29.7,1
trace485,5,83.5,1
trace486,5,44.6,1
trace487,0,17.1,1
trace487,3,0.8,1
trace487,4,96.1,1
trace487,2,73.7,1
trace488,2,13.4,1
trace488,0,6.0,1
trace488,0,18.2,1
trace488,2,2.2,1
trace488,2,62.5,1
trace489,5,95.0,1
trace489,2,4.8,1
trace489,5,102.4,1
trace490,2,12.4,1
trace490,6,5.1,1
trace490,5,13.7,1
trace490,0,86.6,1
trace491,0,6.2,1
trace491,6,4.9,1
trace491,2,4.2,1
trace491,5,48.1,1
trace492,2,11.1,1
trace492,6,16.4,1
trace492,6,26.0,1
trace492,1,66.6,1
trace492,0,3.7,1
trace492,5,84.4,1
trace493,0,5.7,1
trace493,1,17.2,1
trace493,5,64.7,1
trace494,5,22.6,1
trace494,1,17.1,1
trace494,2,24.0,1
trace495,0,7.3,1
trace495,1,10.0,1
trace495,3,6.0,1
trace495,6,19.4,1
trace495,2,5.6,1
trace495,0,11.6,1
trace495,3,37.0,1
trace495,5,51.8,1
trace496,5,76.4,1
trace496,0,64.2,1
trace496,6,18.8,1
trace496,5,94.0,1
trace497,2,7.6,1
trace497,5,11.6,1
trace497,4,16.1,1
trace497,2,10.4,1
trace497,3,8.7,1
trace498,0,17.8,1
trace498,6,79.7,1
trace498,3,0.3,1
trace498,5,15.4,1
trace499,0,18.3,1
trace499,3,7.9,1
trace500,2,35.5,1
trace500,0,7.8,1
trace500,1,55.5,1
trace500,2,13.3,1
trace500,6,1.7,1
trace500,0,17.1,1
trace500,3,0.2,1
trace500,1,117.1,1
trace500,5,73.7,1
trace501,0,18.9,0
trace501,6,53.3,0
trace501,4,50.8,0
trace502,0,17.5,0
trace502,2,2.4,0
trace503,5,13.4,0
trace503,1,17.6,0
trace504,2,107.6,0
trace504,1,17.3,0
trace505,2,4.8,0
trace506,2,14.0,0
trace506,1,77.0,0
trace506,2,7.9,0
trace507,2,11.7,0
trace507,1,116.8,0
trace508,2,11.5,0
trace508,0,11.5,0
trace508,0,11.8,0
trace508,1,75.1,0
trace509,0,17.4,0
trace510,5,71.0,0
trace510,1,6.7,0
trace510,6,21.3,0
trace510,5,14.9,0
trace510,0,3.9,0
trace511,2,4.0,0
trace511,0,6.3,0
trace511,0,18.3,0
trace512,0,2.9,0
trace512,5,86.3,0
trace512,6,18.6,0
trace512,0,3.3,0
trace512,0,18.5,0
trace513,5,18.6,0
trace513,1,17.1,0
trace513,2,39.4,0
trace513,3,24.5,0
trace513,5,84.5,0
trace513,2,43.0,0
trace514,2,6.1,0
trace514,1,25.4,0
trace514,0,2.3,0
trace515,2,73.2,0
trace515,6,10.8,0
trace516,2,104.8,0
trace516,3,103.3,0
trace516,2,0.5,0
trace517,2,4.6,0
trace517,2,2.2,0
trace517,0,18.3,0
trace517,3,4.5,0
trace517,1,17.2,0
trace518,2,71.8,0
trace518,2,108.9,0
trace518,1,86.9,0
trace519,2,93.6,0
trace519,1,9.2,0
trace520,5,9.1,0
trace520,3,77.0,0
trace520,0,18.4,0
trace520,2,2.1,0
trace521,2,69.7,0
trace521,6,18.9,0
trace522,2,4.3,0
trace523,0,1.4,0
trace524,2,11.9,0
trace524,5,2.2,0
trace524,4,76.4,0
trace525,2,9.5,0
trace526,2,31.3,0
trace526,1,6.1,0
trace526,5,10.8,0
trace526,4,77.5,0
trace527,0,17.6,0
trace527,2,2.2,0
trace527,5,86.6,0
trace527,0,42.0,0
trace527,6,4.1,0
trace527,0,7.6,0
trace528,2,22.5,0
trace528,6,12.1,0
trace528,0,11.4,0
trace528,3,0.4,0
trace529,5,77.8,0
trace529,1,8.8,0
trace530,5,55.4,0
trace530,6,9.1,0
trace530,1,110.5,0
trace531,2,17.8,0
trace531,0,3.7,0
trace532,2,4.4,0
trace532,1,90.0,0
trace533,2,88.0,0
trace533,3,56.4,0
trace533,0,18.5,0
trace533,3,6.1,0
trace533,1,17.5,0
trace534,5,9.2,0
trace534,1,3.6,0
trace535,0,3.5,0
trace535,5,47.1,0
trace535,3,79.5,0
trace535,2,2.5,0
trace536,5,4.0,0
trace536,3,106.3,0
trace537,2,9.4,0
trace537,3,0.4,0
trace537,4,8.9,0
trace538,5,24.1,0
trace538,2,53.6,0
trace539,0,7.2,0
trace539,1,6.7,0
trace539,1,74.6,0
trace539,5,52.9,0
trace539,0,79.7,0
trace539,3,33.1,0
trace540,2,7.6,0
trace541,5,98.5,0
trace541,1,17.2,0
trace541,0,18.2,0
trace541,4,28.5,0
trace542,5,19.5,0
trace542,2,79.3,0
trace543,0,18.0,0
trace543,4,17.6,0
trace543,0,10.0,0
trace543,1,6.5,0
trace544,0,18.3,0
trace544,5,14.9,0
trace544,3,83.3,0
trace545,5,86.3,0
trace545,3,68.8,0
trace545,2,10.0,0
trace545,3,0.1,0
trace546,2,78.3,0
trace546,6,17.8,0
trace546,2,22.6,0
trace546,6,17.8,0
trace547,5,87.9,0
trace547,6,1.2,0
trace547,6,7.6,0
trace548,5,34.5,0
trace548,6,19.1,0
trace548,2,0.5,0
trace549,2,76.1,0
trace549,0,4.7,0
trace550,0,17.0,0
trace550,0,17.8,0
trace550,0,44.9,0
trace550,1,9.0,0
trace551,0,17.9,0
trace552,2,104.5,0
trace552,6,4.4,0
trace552,6,17.6,0
trace553,0,2.2,0
trace553,0,17.1,0
trace553,5,13.8,0
trace553,0,40.5,0
trace553,0,71.1,0
trace553,3,59.8,0
trace554,0,2.7,0
trace554,5,33.4,0
trace554,6,4.8,0
trace554,6,4.5,0
trace554,1,9.7,0
trace555,0,17.7,0
trace555,1,36.2,0
trace555,0,5.4,0
trace555,0,5.0,0
trace556,0,18.3,0
trace556,4,35.4,0
trace556,5,98.9,0
trace556,1,17.5,0
trace557,0,9.7,0
trace557,3,20.2,0
trace558,5,102.1,0
trace558,2,4.8,0
trace559,0,18.2,0
trace559,3,15.5,0
trace560,2,9.6,0
trace560,6,3.7,0
trace560,0,17.3,0
trace560,3,8.4,0
trace560,1,2.3,0
trace561,5,64.0,0
trace561,1,17.4,0
trace562,5,21.2,0
trace562,0,78.9,0
trace562,6,19.2,0
trace563,2,31.6,0
trace563,2,4.3,0
trace564,0,18.1,0
trace564,4,51.1,0
trace564,2,55.0,0
trace564,2,4.6,0
trace565,5,14.7,0
trace565,1,2.8,0
trace565,5,3.0,0
trace565,5,17.4,0
trace565,0,7.3,0
trace565,6,2.6,0
trace565,6,4.2,0
trace565,1,17.8,0
trace566,2,103.6,0
trace566,3,100.3,0
trace567,0,1.4,0
trace567,0,18.3,0
trace567,3,8.5,0
trace567,3,54.9,0
trace568,5,28.1,0
trace568,1,2.3,0
trace569,2,3.3,0
trace569,3,46.3,0
trace569,5,100.2,0
trace569,6,18.1,0
trace569,0,2.2,0
trace570,5,63.0,0
trace570,6,18.7,0
trace570,2,6.0,0
trace570,1,76.3,0
trace570,0,2.7,0
trace571,2,8.5,0
trace571,5,18.2,0
trace571,0,1.1,0
trace572,5,24.9,0
trace572,1,17.8,0
trace572,0,17.3,0
trace573,0,8.2,0
trace573,0,104.3,0
trace573,1,9.0,0
trace573,5,18.6,0
trace574,5,53.1,0
trace574,3,25.7,0
trace574,2,3.8,0
trace574,2,57.8,0
trace574,3,15.5,0
trace575,5,5.3,0
trace575,6,2.1,0
trace575,2,5.0,0
trace576,5,4.9,0
trace576,6,10.1,0
trace577,2,10.0,0
trace577,3,22.0,0
trace577,5,29.1,0
trace577,2,5.9,0
trace578,5,42.5,0
trace578,0,27.0,0
trace578,0,3.8,0
trace578,4,8.5,0
trace579,0,6.1,0
trace579,0,2.1,0
trace580,2,63.0,0
trace580,2,33.5,0
trace581,5,43.3,0
trace581,1,17.7,0
trace581,2,11.0,0
trace581,6,37.2,0
trace581,1,41.8,0
trace582,2,89.9,0
trace582,3,92.1,0
trace583,2,29.0,0
trace583,1,17.6,0
trace583,0,1.2,0
trace583,2,78.3,0
trace583,2,31.8,0
trace584,5,83.3,0
trace584,0,7.8,0
trace585,0,4.0,0
trace585,2,11.0,0
trace585,0,6.5,0
trace586,0,6.7,0
trace586,1,17.6,0
trace587,5,52.5,0
trace587,1,17.5,0
trace587,5,29.3,0
trace587,3,60.6,0
trace588,2,105.5,0
trace588,1,17.2,0
trace588,0,18.1,0
trace588,5,14.8,0
trace588,2,4.6,0
trace589,2,93.0,0
trace589,3,90.7,0
trace589,0,8.2,0
trace589,0,29.6,0
trace589,1,17.2,0
trace590,0,7.1,0
trace590,3,103.3,0
trace591,2,11.2,0
trace592,2,87.6,0
trace592,0,3.3,0
trace592,6,84.0,0
trace593,5,27.1,0
trace593,6,4.8,0
trace593,0,5.4,0
trace593,1,56.1,0
trace593,5,55.5,0
trace593,1,17.2,0
trace594,2,74.1,0
trace594,6,18.3,0
trace594,5,65.4,0
trace594,3,26.3,0
trace595,5,60.6,0
trace595,2,96.2,0
trace596,0,2.2,0
trace597,2,12.1,0
trace597,1,106.2,0
trace598,5,25.1,0
trace598,2,16.1,0
trace598,2,1.1,0
trace598,2,9.1,0
trace599,0,3.4,0
trace599,2,102.2,0
trace599,0,99.5,0
trace599,3,106.7,0
trace600,2,46.9,0
trace600,0,7.5,0
trace601,5,40.5,0
trace601,3,67.0,0
trace601,5,29.3,0
trace601,1,17.7,0
trace601,0,3.4,0
trace602,5,46.7,0
trace602,3,72.3,0
trace603,0,6.0,0
trace603,3,43.6,0
trace603,0,17.1,0
trace603,1,26.7,0
trace603,5,45.9,0
trace603,0,6.6,0
trace604,2,35.6,0
trace604,6,18.0,0
trace604,5,95.4,0
trace604,3,40.5,0
trace605,2,6.6,0
trace605,4,65.6,0
trace605,5,11.8,0
trace605,0,16.8,0
trace605,1,9.8,0
trace606,0,9.0,0
trace606,1,6.0,0
trace606,3,67.5,0
trace607,2,11.4,0
trace608,2,2.9,0
trace608,6,0.6,0
trace609,0,3.2,0
trace609,0,18.4,0
trace609,2,1.3,0
trace609,0,8.8,0
trace609,2,31.8,0
trace610,0,2.1,0
trace610,5,42.9,0
trace610,3,36.6,0
trace610,0,18.4,0
trace610,0,12.0,0
trace611,0,18.3,0
trace611,4,52.7,0
trace611,2,13.9,0
trace611,2,1.3,0
trace612,2,114.3,0
trace612,1,17.5,0
trace612,5,101.9,0
trace612,2,61.1,0
trace612,0,11.5,0
trace613,2,102.1,0
trace613,1,6.9,0
trace613,6,87.1,0
trace613,2,59.3,0
trace613,0,5.5,0
trace614,0,9.2,0
trace614,1,8.8,0
trace614,3,0.2,0
trace614,6,5.2,0
trace614,0,3.4,0
trace615,2,104.3,0
trace615,1,17.4,0
trace615,5,83.9,0
trace615,1,6.5,0
trace616,5,26.7,0
trace616,2,5.0,0
trace616,5,92.2,0
trace616,2,69.1,0
trace616,4,61.3,0
trace617,2,98.3,0
trace617,2,4.7,0
trace617,2,3.4,0
trace617,4,57.6,0
trace618,5,91.2,0
trace618,1,17.7,0
trace618,5,50.9,0
trace618,1,17.1,0
trace619,0,3.8,0
trace619,5,75.0,0
trace619,2,5.4,0
trace619,5,81.7,0
trace619,3,33.9,0
trace620,0,2.8,0
trace621,0,17.0,0
trace621,5,18.4,0
trace622,2,13.3,0
trace622,5,10.4,0
trace623,2,7.5,0
trace623,2,2.6,0
trace623,0,1.3,0
trace624,5,51.8,0
trace624,1,17.2,0
trace624,2,81.8,0
trace624,3,99.3,0
trace625,2,9.7,0
trace626,2,103.9,0
trace626,3,12.9,0
trace626,5,53.9,0
trace626,3,58.2,0
trace627,2,18.1,0
trace627,1,17.6,0
trace628,2,77.0,0
trace628,0,4.3,0
trace628,5,4.7,0
trace628,1,52.4,0
trace629,0,3.6,0
trace629,2,9.5,0
trace629,3,86.5,0
trace629,5,48.8,0
trace629,0,5.6,0
trace630,2,2.5,0
trace630,2,12.2,0
trace630,3,27.6,0
trace630,5,87.8,0
trace630,3,91.8,0
trace631,5,93.1,0
trace631,0,76.9,0
trace631,1,17.5,0
trace632,0,17.1,0
trace632,0,11.6,0
trace632,5,15.7,0
trace632,6,3.8,0
trace632,0,78.7,0
trace632,1,17.4,0
trace633,2,21.2,0
trace633,0,37.2,0
trace633,3,98.2,0
trace634,2,7.7,0
trace635,2,0.4,0
trace636,0,18.7,0
trace636,4,85.3,0
trace636,0,9.6,0
trace636,0,5.4,0
trace636,4,11.7,0
trace637,0,18.0,0
trace637,1,69.0,0
trace637,5,6.5,0
trace637,1,17.6,0
trace638,5,102.5,0
trace638,2,24.3,0
trace638,6,67.3,0
trace639,0,18.8,0
trace639,1,61.4,0
trace639,2,57.9,0
trace639,6,3.5,0
trace639,1,17.4,0
trace640,2,5.8,0
trace640,4,49.2,0
trace640,5,57.1,0
trace640,0,4.1,0
trace640,5,13.3,0
trace640,3,60.4,0
trace641,5,14.5,0
trace641,3,54.9,0
trace642,0,2.5,0
trace642,2,10.3,0
trace642,2,3.0,0
trace642,5,57.0,0
trace642,1,7.7,0
trace643,5,100.1,0
trace643,3,22.3,0
trace643,2,110.2,0
trace643,6,17.6,0
trace643,2,81.9,0
trace643,3,92.4,0
trace644,0,17.1,0
trace644,4,41.2,0
trace644,2,17.2,0
trace644,2,36.4,0
trace645,5,89.3,0
trace645,1,10.9,0
trace645,6,77.2,0
trace645,6,5.7,0
trace646,0,18.8,0
trace646,6,19.9,0
trace646,6,1.4,0
trace646,5,84.7,0
trace646,3,30.4,0
trace647,5,24.5,0
trace647,0,3.9,0
trace648,5,17.7,0
trace648,1,17.3,0
trace649,5,40.4,0
trace649,6,9.6,0
trace650,5,80.3,0
trace650,2,5.7,0
trace650,5,11.2,0
trace650,0,6.5,0
trace650,0,5.9,0
trace651,0,9.1,0
trace651,6,18.8,0
trace652,0,2.3,0
trace652,0,17.7,0
trace653,0,1.9,0
trace653,0,4.0,0
trace653,5,20.9,0
trace653,1,17.9,0
trace654,0,7.3,0
trace654,2,40.8,0
trace654,3,3.9,0
trace654,3,20.3,0
trace654,5,15.5,0
trace654,6,4.4,0
trace654,2,99.6,0
trace655,5,24.7,0
trace655,3,109.9,0
trace656,5,91.0,0
trace656,3,32.9,0
trace656,5,80.9,0
trace656,1,8.5,0
trace657,5,74.4,0
trace657,1,17.7,0
trace657,2,12.6,0
trace657,3,67.0,0
trace658,5,38.2,0
trace658,0,5.2,0
trace658,6,19.0,0
trace659,5,43.7,0
trace659,3,12.7,0
trace660,2,40.5,0
trace660,3,91.8,0
trace660,2,13.5,0
trace661,5,28.9,0
trace661,3,51.2,0
trace661,0,1.4,0
trace662,0,3.9,0
trace662,2,52.3,0
trace662,2,71.2,0
trace662,6,1.1,0
trace663,0,5.9,0
trace663,1,17.6,0
trace664,2,9.8,0
trace664,2,2.6,0
trace665,5,62.8,0
trace665,3,25.4,0
trace666,2,0.2,0
trace666,3,7.4,0
trace666,2,72.8,0
trace667,2,10.5,0
trace667,0,16.8,0
trace667,6,9.2,0
trace668,2,8.4,0
trace668,6,19.1,0
trace669,0,2.4,0
trace669,2,9.2,0
trace669,4,57.6,0
trace669,5,38.7,0
trace669,1,10.1,0
trace670,2,13.0,0
trace670,2,84.0,0
trace670,2,23.1,0
trace671,2,20.5,0
trace671,3,16.8,0
trace672,0,18.3,0
trace672,3,4.2,0
trace672,0,99.6,0
trace672,6,8.9,0
trace673,0,17.7,0
trace673,3,31.8,0
trace673,0,3.8,0
trace674,5,75.4,0
trace674,3,77.8,0
trace674,0,8.3,0
trace674,1,11.0,0
trace675,0,18.8,0
trace676,5,7.1,0
trace676,1,5.2,0
trace677,0,17.0,0
trace678,2,52.7,0
trace678,0,7.0,0
trace678,0,5.9,0
trace679,0,8.8,0
trace679,6,2.2,0
trace679,0,3.2,0
trace679,3,0.2,0
trace680,2,41.8,0
trace680,3,52.8,0
trace681,0,3.0,0
trace681,0,6.0,0
trace681,2,5.4,0
trace681,2,1.3,0
trace681,1,57.5,0
trace682,2,103.2,0
trace682,6,19.6,0
trace683,0,2.6,0
trace683,2,7.9,0
trace683,4,104.9,0
trace683,2,8.2,0
trace684,2,97.9,0
trace684,6,17.1,0
trace684,2,12.5,0
trace684,6,86.8,0
trace684,0,5.2,0
trace685,5,51.1,0
trace685,3,16.4,0
trace685,0,2.2,0
trace685,5,63.2,0
trace685,2,32.9,0
trace686,0,8.9,0
trace686,6,18.8,0
trace687,2,1.2,0
trace687,6,2.4,0
trace687,0,18.9,0
trace688,2,114.5,0
trace688,1,6.2,0
trace688,2,1.5,0
trace689,0,7.8,0
trace689,1,5.6,0
trace689,0,11.6,0
trace689,6,1.9,0
trace690,5,60.1,0
trace690,6,10.9,0
trace690,5,19.0,0
trace690,0,17.9,0
trace691,2,12.0,0
trace691,0,6.8,0
trace692,0,17.8,0
trace692,3,64.2,0
trace693,5,4.4,0
trace693,1,10.6,0
trace694,0,18.4,0
trace695,5,38.9,0
trace695,0,6.1,0
trace696,0,17.4,0
trace696,5,9.7,0
trace696,0,11.4,0
trace697,5,95.9,0
trace697,2,61.4,0
trace698,2,5.5,0
trace698,4,86.5,0
trace698,5,92.5,0
trace698,6,2.9,0
trace698,6,19.3,0
trace699,2,4.7,0
trace700,5,18.0,0
trace700,6,18.0,0
trace701,2,55.3,0
trace701,3,55.3,0
trace702,2,59.7,0
trace702,2,5.7,0
trace703,2,1.2,0
trace703,6,103.5,0
trace703,4,79.7,0
trace703,2,18.1,0
trace703,3,100.7,0
trace704,2,57.3,0
trace704,1,17.8,0
trace704,2,57.8,0
trace704,6,2.8,0
trace704,1,8.7,0
trace705,2,27.7,0
trace705,1,6.8,0
trace706,2,83.9,0
trace706,6,4.3,0
trace706,6,3.7,0
trace706,0,3.1,0
trace707,0,18.2,0
trace708,5,65.9,0
trace708,0,6.4,0
trace708,4,74.7,0
trace709,2,99.3,0
trace709,3,106.9,0
trace709,0,5.4,0
trace709,1,2.8,0
trace710,0,3.8,0
trace710,5,6.1,0
trace710,0,7.2,0
trace710,0,16.2,0
trace710,3,52.6,0
trace711,2,63.6,0
trace711,1,17.1,0
trace711,5,62.5,0
trace711,2,5.9,0
trace712,2,61.9,0
trace712,6,8.3,0
trace713,0,7.2,0
trace713,1,2.5,0
trace713,2,54.7,0
trace713,6,8.6,0
trace714,5,64.5,0
trace714,6,2.1,0
trace714,0,6.9,0
trace715,2,0.5,0
trace715,2,59.4,0
trace715,6,17.5,0
trace716,2,2.0,0
trace716,5,8.6,0
trace717,2,110.9,0
trace717,6,19.8,0
trace717,0,17.5,0
trace718,5,79.5,0
trace718,6,1.9,0
trace718,6,9.6,0
trace719,5,24.4,0
trace719,0,2.8,0
trace719,6,4.3,0
trace719,0,18.4,0
trace720,5,50.6,0
trace720,3,53.8,0
trace720,0,17.7,0
trace721,2,11.9,0
trace721,6,1.5,0
trace721,2,47.3,0
trace721,0,6.3,0
trace722,2,7.7,0
trace722,1,42.9,0
trace722,0,18.8,0
trace723,0,18.4,0
trace723,6,45.9,0
trace723,4,37.6,0
trace723,2,106.3,0
trace723,1,6.7,0
trace724,0,1.4,0
trace725,0,3.2,0
trace725,5,42.5,0
trace725,0,7.6,0
trace725,3,0.4,0
trace725,5,17.6,0
trace726,2,0.8,0
trace727,5,36.2,0
trace727,1,1.3,0
trace728,5,27.9,0
trace728,2,5.8,0
trace728,5,12.8,0
trace728,6,3.1,0
trace728,1,17.5,0
trace729,0,17.5,0
trace730,2,26.6,0
trace730,0,5.8,0
trace730,4,17.9,0
trace730,5,81.7,0
trace730,0,99.2,0
trace730,3,43.0,0
trace731,0,8.6,0
trace731,3,98.5,0
trace731,2,7.1,0
trace731,1,104.3,0
trace732,0,2.8,0
trace733,2,12.2,0
trace733,2,3.0,0
trace734,5,87.0,0
trace734,1,8.6,0
trace734,1,68.3,0
trace735,5,97.9,0
trace735,3,25.5,0
trace736,2,66.0,0
trace736,0,98.4,0
trace736,3,24.2,0
trace736,2,103.3,0
trace736,3,26.0,0
trace737,2,23.4,0
trace737,2,5.5,0
trace738,5,56.5,0
trace738,0,102.6,0
trace738,2,5.7,0
trace739,0,3.6,0
trace739,2,11.2,0
trace739,3,0.5,0
trace739,5,17.4,0
trace739,0,18.3,0
trace740,2,10.4,0
trace740,5,5.3,0
trace740,3,0.5,0
trace740,1,27.9,0
trace740,2,68.4,0
trace740,6,1.7,0
trace740,1,7.1,0
trace741,0,10.0,0
trace741,0,3.2,0
trace741,5,18.5,0
trace742,5,55.9,0
trace742,3,86.5,0
trace742,2,0.7,0
trace742,5,18.9,0
trace743,0,6.3,0
trace743,1,5.9,0
trace743,5,4.8,0
trace744,2,6.8,0
trace745,5,8.0,0
trace745,3,32.2,0
trace746,5,100.0,0
trace746,2,49.6,0
trace746,3,26.3,0
trace747,2,7.8,0
trace748,0,18.1,0
trace748,5,18.9,0
trace748,2,65.2,0
trace748,2,4.2,0
trace749,5,69.1,0
trace749,0,4.2,0
trace749,2,2.3,0
trace749,5,33.6,0
trace749,3,31.1,0
trace750,0,1.6,0
trace750,5,42.5,0
trace750,6,3.1,0
trace750,2,78.7,0
trace751,2,7.8,0
trace751,0,18.2,0
trace751,3,23.0,0
trace751,0,17.3,0
trace752,5,50.9,0
trace752,2,107.6,0
trace752,6,5.4,0
trace752,5,18.3,0
trace752,3,71.9,0
trace753,5,69.2,0
trace753,1,6.1,0
trace753,3,96.6,0
trace753,0,18.3,0
trace753,4,19.3,0
trace754,2,81.5,0
trace754,3,52.8,0
trace755,0,5.5,0
trace755,0,15.5,0
trace755,6,19.7,0
trace756,0,17.8,0
trace756,4,94.9,0
trace756,5,34.0,0
trace756,6,17.6,0
trace756,5,13.4,0
trace756,2,4.6,0
trace757,5,3.3,0
trace757,0,74.3,0
trace757,0,5.9,0
trace757,0,18.6,0
trace757,1,5.4,0
trace758,5,8.1,0
trace758,6,9.5,0
trace758,4,77.4,0
trace759,5,50.9,0
trace759,2,21.7,0
trace760,2,5.5,0
trace760,6,3.6,0
trace760,0,18.5,0
trace761,5,102.3,0
trace761,0,4.6,0
trace761,5,4.8,0
trace762,2,4.8,0
trace763,0,18.7,0
trace763,5,8.3,0
trace763,1,29.8,0
trace763,2,94.9,0
trace763,0,69.8,0
trace763,3,73.0,0
trace764,5,62.8,0
trace764,6,8.1,0
trace764,6,75.7,0
trace764,1,114.4,0
trace764,2,10.1,0
trace765,0,2.6,0
trace765,2,99.6,0
trace765,0,15.2,0
trace765,3,75.4,0
trace765,0,17.2,0
trace766,5,9.1,0
trace766,3,84.7,0
trace766,0,2.7,0
trace767,2,12.9,0
trace768,0,2.0,0
trace768,2,56.3,0
trace768,6,1.6,0
trace768,0,2.8,0
trace769,5,95.9,0
trace769,0,71.5,0
trace769,6,18.5,0
trace770,2,22.5,0
trace770,3,89.6,0
trace771,5,51.3,0
trace771,3,24.6,0
trace772,0,18.4,0
trace772,5,3.9,0
trace773,5,61.0,0
trace773,1,2.5,0
trace773,1,29.9,0
trace774,5,96.9,0
trace774,3,33.5,0
trace774,0,5.2,0
trace774,1,17.8,0
trace774,5,101.2,0
trace774,6,8.0,0
trace775,0,1.4,0
trace776,0,9.0,0
trace776,2,4.1,0
trace777,0,17.8,0
trace777,3,0.4,0
trace778,2,97.2,0
trace778,1,8.3,0
trace779,5,92.9,0
trace779,2,85.3,0
trace779,1,77.2,0
trace779,2,94.4,0
trace779,6,17.7,0
trace780,0,8.0,0
trace780,3,60.9,0
trace781,2,9.9,0
trace782,2,13.5,0
trace782,2,1.6,0
trace782,5,33.6,0
trace782,3,56.2,0
trace783,0,3.7,0
trace783,5,23.3,0
trace783,2,4.4,0
trace784,0,5.5,0
trace784,3,74.8,0
trace784,0,1.9,0
trace785,2,41.6,0
trace785,3,108.7,0
trace785,2,7.5,0
trace785,4,51.1,0
trace785,2,31.9,0
trace785,0,64.2,0
trace785,0,15.1,0
trace785,3,61.1,0
trace786,0,18.4,0
trace787,2,50.2,0
trace787,6,9.5,0
trace787,0,6.1,0
trace787,0,1.5,0
trace788,0,6.5,0
trace788,1,8.9,0
trace788,0,11.9,0
trace788,4,67.9,0
trace788,5,66.1,0
trace788,1,4.1,0
trace789,2,56.5,0
trace789,3,108.6,0
trace789,5,34.5,0
trace789,2,5.4,0
trace790,2,18.4,0
trace790,0,3.0,0
trace791,2,8.1,0
trace791,6,5.6,0
trace792,5,98.6,0
trace792,6,11.8,0
trace792,4,91.9,0
trace792,0,18.6,0
trace793,5,17.1,0
trace793,1,17.1,0
trace793,5,59.5,0
trace793,6,7.7,0
trace794,2,112.5,0
trace794,1,17.7,0
trace794,0,10.0,0
trace794,1,6.8,0
trace794,1,91.2,0
trace795,5,35.3,0
trace795,6,17.1,0
trace796,2,79.2,0
trace796,0,6.0,0
trace796,4,19.0,0
trace796,2,4.0,0
trace797,0,17.1,0
trace797,1,92.3,0
trace797,2,1.6,0
trace798,5,101.7,0
trace798,3,34.1,0
trace799,0,2.5,0
trace799,5,29.1,0
trace799,0,51.8,0
trace799,0,64.3,0
trace799,6,17.2,0
trace800,2,57.5,0
trace800,2,88.4,0
trace801,2,0.9,0
trace801,6,0.5,0
trace801,0,18.2,0
trace802,5,68.5,0
trace802,1,5.0,0
trace802,0,5.2,0
trace803,5,10.2,0
trace803,0,11.4,0
trace803,0,97.1,0
trace803,1,17.7,0
trace804,0,18.2,0
trace804,2,2.7,0
trace804,0,3.4,0
trace804,0,6.2,0
trace804,2,19.4,0
trace805,2,49.1,0
trace805,2,4.2,0
trace806,2,12.1,0
trace806,2,1.7,0
trace806,5,64.1,0
trace806,0,6.2,0
trace806,0,11.8,0
trace807,0,9.2,0
trace807,1,10.4,0
trace808,2,12.1,0
trace808,2,26.8,0
trace808,6,3.4,0
trace808,1,18.0,0
trace809,0,6.1,0
trace809,0,2.9,0
trace809,5,10.1,0
trace809,2,2.9,0
trace809,0,8.9,0
trace809,3,80.9,0
trace810,5,50.5,0
trace810,1,9.5,0
trace811,2,1.3,0
trace811,3,84.6,0
trace812,2,100.2,0
trace812,2,6.0,0
trace813,0,7.9,0
trace813,6,19.0,0
trace813,5,97.2,0
trace813,1,6.7,0
trace813,3,63.1,0
trace814,5,56.4,0
trace814,0,64.1,0
trace814,2,63.9,0
trace814,6,26.4,0
trace815,0,6.3,0
trace815,6,18.3,0
trace816,5,40.1,0
trace816,0,3.6,0
trace817,5,98.2,0
trace817,1,3.3,0
trace818,5,51.1,0
trace818,2,5.4,0
trace818,2,8.5,0
trace819,5,72.7,0
trace819,0,2.4,0
trace819,1,113.1,0
trace819,2,116.6,0
trace819,3,85.0,0
trace820,2,47.6,0
trace820,3,16.7,0
trace821,5,77.6,0
trace821,3,61.9,0
trace821,5,62.2,0
trace821,1,3.0,0
trace822,5,3.5,0
trace822,3,92.2,0
trace822,0,7.7,0
trace822,0,74.3,0
trace822,6,19.6,0
trace823,0,5.6,0
trace823,2,4.3,0
trace824,0,9.6,0
trace824,2,97.3,0
trace824,0,17.2,0
trace824,2,4.7,0
trace824,0,1.7,0
trace825,0,18.3,0
trace826,5,74.6,0
trace826,3,33.6,0
trace826,5,100.6,0
trace826,6,19.5,0
trace827,5,75.8,0
trace827,6,1.8,0
trace827,0,88.6,0
trace827,0,4.6,0
trace828,2,39.5,0
trace828,2,38.5,0
trace829,2,18.1,0
trace829,6,18.3,0
trace829,5,59.2,0
trace829,2,33.1,0
trace830,2,88.5,0
trace830,2,105.3,0
trace830,3,7.3,0
trace830,3,68.7,0
trace831,0,18.4,0
trace831,5,18.0,0
trace831,2,11.1,0
trace832,2,2.2,0
trace833,5,96.9,0
trace833,3,85.8,0
trace834,2,105.1,0
trace834,2,4.3,0
trace834,2,4.9,0
trace835,5,36.5,0
trace835,2,5.3,0
trace836,2,23.2,0
trace836,1,17.9,0
trace837,2,35.4,0
trace837,0,7.5,0
trace837,0,11.3,0
trace838,5,33.0,0
trace838,6,12.7,0
trace838,0,11.4,0
trace839,0,18.1,0
trace839,6,113.4,0
trace840,5,68.9,0
trace840,3,13.4,0
trace841,0,18.6,0
trace841,5,14.6,0
trace841,1,17.5,0
trace841,0,3.5,0
trace842,5,13.7,0
trace842,3,38.9,0
trace842,2,10.0,0
trace842,6,99.2,0
trace843,0,2.9,0
trace843,2,1.0,0
trace843,4,37.8,0
trace843,5,46.5,0
trace843,3,85.8,0
trace844,5,15.7,0
trace844,1,4.9,0
trace845,2,56.1,0
trace845,3,21.3,0
trace846,0,6.4,0
trace846,6,17.7,0
trace846,2,9.8,0
trace846,3,0.8,0
trace846,2,19.7,0
trace846,3,87.1,0
trace847,5,30.4,0
trace847,0,32.5,0
trace847,1,7.7,0
trace848,2,100.5,0
trace848,6,10.0,0
trace848,3,0.7,0
trace848,5,18.3,0
trace848,5,91.4,0
trace848,6,12.4,0
trace849,2,1.1,0
trace849,3,35.0,0
trace849,0,2.3,0
trace849,0,5.4,0
trace849,3,19.4,0
trace850,5,76.1,0
trace850,3,14.7,0
trace850,2,5.4,0
trace851,5,8.9,0
trace851,0,3.9,0
trace852,0,8.0,0
trace852,0,6.2,0
trace852,4,13.4,0
trace853,0,7.5,0
trace853,3,22.1,0
trace853,5,51.5,0
trace853,2,5.9,0
trace854,2,8.8,0
trace854,3,91.0,0
trace854,5,102.4,0
trace854,0,2.7,0
trace854,4,89.1,0
trace855,5,33.1,0
trace855,6,11.2,0
trace856,2,105.2,0
trace856,0,53.3,0
trace856,1,17.4,0
trace856,2,8.4,0
trace857,5,47.1,0
trace857,3,21.0,0
trace858,5,78.0,0
trace858,0,7.1,0
trace859,5,48.3,0
trace859,0,2.2,0
trace859,5,13.4,0
trace859,6,7.3,0
trace860,5,32.4,0
trace860,3,35.8,0
trace861,5,96.7,0
trace861,6,9.4,0
trace861,4,99.7,0
trace861,0,9.8,0
trace861,2,66.2,0
trace862,5,27.6,0
trace862,1,17.9,0
trace862,5,90.4,0
trace862,1,1.5,0
trace863,0,1.5,0
trace864,0,1.1,0
trace864,2,6.0,0
trace864,6,109.8,0
trace865,5,62.4,0
trace865,1,7.9,0
trace866,2,115.6,0
trace866,3,77.3,0
trace866,5,6.7,0
trace866,2,6.0,0
trace867,5,72.8,0
trace867,3,21.3,0
trace867,0,3.6,0
trace868,2,36.9,0
trace868,1,17.1,0
trace868,0,2.1,0
trace868,5,48.8,0
trace868,6,10.5,0
trace869,5,79.5,0
trace869,3,78.0,0
trace870,2,1.1,0
trace870,6,96.9,0
trace870,6,49.1,0
trace870,0,11.9,0
trace870,2,2.2,0
trace871,0,1.8,0
trace871,5,21.5,0
trace871,6,1.1,0
trace871,1,17.7,0
trace872,2,113.6,0
trace872,0,4.4,0
trace872,1,75.9,0
trace872,2,10.1,0
trace873,5,46.0,0
trace873,0,6.2,0
trace873,4,71.2,0
trace874,0,18.8,0
trace875,2,2.2,0
trace876,5,34.2,0
trace876,3,43.4,0
trace876,5,94.7,0
trace876,1,17.8,0
trace877,2,7.1,0
trace877,4,7.7,0
trace878,0,1.0,0
trace878,0,18.0,0
trace879,5,82.8,0
trace879,2,4.4,0
trace880,2,10.5,0
trace880,3,13.7,0
trace880,5,73.7,0
trace880,1,7.1,0
trace881,2,8.5,0
trace881,0,11.8,0
trace882,5,39.7,0
trace882,1,6.7,0
trace882,3,3.5,0
trace882,2,75.0,0
trace883,5,27.7,0
trace883,1,17.5,0
trace883,2,62.8,0
trace883,3,44.4,0
trace884,5,17.1,0
trace884,1,17.2,0
trace884,5,72.2,0
trace884,0,5.7,0
trace885,5,10.1,0
trace885,1,7.2,0
trace885,0,18.8,0
trace885,0,45.2,0
trace885,1,6.9,0
trace886,0,3.2,0
trace886,2,11.9,0
trace886,4,55.9,0
trace886,2,21.9,0
trace886,0,65.2,0
trace886,3,110.0,0
trace887,0,18.6,0
trace887,1,97.8,0
trace887,5,94.5,0
trace887,3,11.7,0
trace888,5,77.1,0
trace888,1,17.7,0
trace888,2,88.8,0
trace888,6,1.0,0
trace888,3,43.6,0
trace889,2,102.3,0
trace889,3,106.4,0
trace889,2,79.8,0
trace889,1,7.9,0
trace889,3,6.9,0
trace889,0,3.5,0
trace890,0,18.2,0
trace890,6,4.4,0
trace891,2,61.2,0
trace891,1,17.8,0
trace891,2,7.5,0
trace891,0,11.8,0
trace891,1,96.0,0
trace892,2,40.2,0
trace892,2,75.0,0
trace892,1,110.8,0
trace892,2,77.9,0
trace892,1,17.3,0
trace893,5,39.3,0
trace893,2,4.2,0
trace893,0,5.8,0
trace893,6,4.4,0
trace893,3,70.0,0
trace894,2,6.6,0
trace894,5,4.1,0
trace894,4,44.9,0
trace895,5,83.0,0
trace895,0,79.8,0
trace895,3,14.6,0
trace896,5,102.2,0
trace896,6,4.5,0
trace896,0,3.5,0
trace897,5,18.2,0
trace897,2,5.1,0
trace897,5,78.2,0
trace897,0,32.0,0
trace897,6,17.0,0
trace898,2,9.1,0
trace898,3,85.5,0
trace898,2,42.9,0
trace898,1,7.0,0
trace899,2,12.9,0
trace900,5,62.9,0
trace900,1,17.8,0
trace900,5,34.8,0
trace900,1,17.2,0
trace900,2,71.8,0
trace900,0,27.6,0
trace900,2,4.4,0
trace901,2,11.3,0
trace901,0,17.4,0
trace901,0,4.9,0
trace902,2,2.8,0
trace902,6,93.9,0
trace903,2,69.2,0
trace903,1,6.1,0
trace903,4,9.2,0
trace903,0,6.1,0
trace903,6,12.8,0
trace904,0,9.1,0
trace904,3,51.2,0
trace905,5,63.1,0
trace905,0,80.8,0
trace905,2,4.1,0
trace906,0,2.6,0
trace906,0,5.3,0
trace906,3,19.1,0
trace907,2,42.6,0
trace907,0,82.0,0
trace907,6,1.3,0
trace907,0,3.5,0
trace908,2,101.0,0
trace908,6,10.1,0
trace909,0,8.6,0
trace909,0,3.0,0
trace910,0,5.5,0
trace910,3,64.0,0
trace911,5,46.1,0
trace911,3,87.1,0
trace912,2,0.8,0
trace913,2,2.6,0
trace914,0,3.7,0
trace914,5,28.7,0
trace914,3,63.7,0
trace915,0,1.6,0
trace915,2,68.0,0
trace915,2,58.3,0
trace915,1,56.4,0
trace916,0,8.3,0
trace916,3,68.1,0
trace916,0,17.8,0
trace916,4,60.5,0
trace916,0,17.5,0
trace917,0,17.7,0
trace917,6,23.3,0
trace917,1,55.5,0
trace917,5,98.4,0
trace917,3,28.1,0
trace918,2,84.9,0
trace918,2,72.0,0
trace918,3,6.2,0
trace918,0,6.1,0
trace918,3,86.3,0
trace919,2,65.6,0
trace919,6,1.5,0
trace919,1,7.3,0
trace920,2,4.4,0
trace920,4,78.1,0
trace921,2,5.2,0
trace921,1,51.9,0
trace921,5,27.1,0
trace921,2,24.2,0
trace922,0,17.7,0
trace922,3,0.5,0
trace922,2,47.9,0
trace922,3,103.3,0
trace923,2,21.1,0
trace923,2,58.7,0
trace924,2,86.8,0
trace924,6,4.1,0
trace924,6,9.0,0
trace925,5,71.8,0
trace925,3,79.5,0
trace926,2,69.6,0
trace926,2,5.0,0
trace927,5,48.4,0
trace927,0,4.3,0
trace927,1,60.3,0
trace928,0,6.4,0
trace928,1,18.0,0
trace928,0,9.0,0
trace928,1,10.8,0
trace928,5,8.6,0
trace929,0,17.5,0
trace929,5,18.3,0
trace929,5,60.6,0
trace929,1,2.3,0
trace929,2,98.8,0
trace929,1,17.3,0
trace930,0,8.3,0
trace930,3,18.2,0
trace930,5,87.4,0
trace930,3,94.3,0
trace931,0,17.6,0
trace932,2,87.3,0
trace932,6,9.5,0
trace933,2,7.4,0
trace933,6,5.0,0
trace933,2,9.8,0
trace934,5,83.6,0
trace934,2,5.8,0
trace935,2,91.3,0
trace935,1,17.4,0
trace935,2,12.7,0
trace935,2,2.5,0
trace935,0,6.9,0
trace935,3,51.2,0
trace936,2,84.7,0
trace936,3,17.7,0
trace936,5,75.6,0
trace936,6,10.0,0
trace936,3,3.8,0
trace936,3,106.7,0
trace937,5,29.1,0
trace937,2,4.5,0
trace937,0,6.5,0
trace937,3,51.0,0
trace937,5,97.3,0
trace937,1,4.1,0
trace938,0,2.8,0
trace938,5,98.8,0
trace938,2,73.5,0
trace938,4,60.9,0
trace939,0,1.0,0
trace940,2,10.8,0
trace941,2,33.3,0
trace941,2,4.5,0
trace941,0,1.8,0
trace942,5,102.5,0
trace942,1,17.5,0
trace943,5,12.9,0
trace943,2,105.0,0
trace944,2,116.0,0
trace944,3,68.2,0
trace945,5,83.2,0
trace945,1,7.4,0
trace946,5,46.5,0
trace946,2,5.3,0
trace947,2,9.1,0
trace947,2,2.4,0
trace948,0,17.5,0
trace948,0,11.4,0
trace948,0,16.8,0
trace948,3,87.2,0
trace949,5,79.5,0
trace949,2,5.9,0
trace949,5,64.0,0
trace949,3,104.1,0
trace950,2,5.2,0
trace950,1,60.3,0
trace950,0,17.7,0
trace950,5,15.7,0
trace950,1,2.1,0
trace951,2,12.8,0
trace951,2,1.6,0
trace951,5,45.2,0
trace951,3,15.1,0
trace951,2,41.5,0
trace951,3,75.9,0
trace952,0,18.4,0
trace952,6,4.8,0
trace952,2,8.8,0
trace953,5,95.2,0
trace953,3,80.9,0
trace954,5,95.9,0
trace954,0,54.5,0
trace954,3,88.1,0
trace954,5,90.7,0
trace954,2,4.5,0
trace955,2,29.9,0
trace955,1,17.5,0
trace955,2,21.8,0
trace955,3,82.8,0
trace956,5,79.5,0
trace956,3,75.2,0
trace957,0,9.8,0
trace957,0,71.5,0
trace957,6,3.5,0
trace957,2,89.6,0
trace958,0,17.2,0
trace958,5,17.5,0
trace959,0,2.1,0
trace959,2,3.7,0
trace959,4,97.8,0
trace960,2,50.7,0
trace960,0,2.4,0
trace960,5,3.5,0
trace960,4,24.3,0
trace961,5,96.3,0
trace961,2,108.9,0
trace962,0,10.0,0
trace962,3,52.6,0
trace963,5,22.4,0
trace963,1,17.3,0
trace964,0,2.8,0
trace964,5,6.1,0
trace964,1,17.7,0
trace965,5,32.1,0
trace965,2,4.3,0
trace965,2,87.7,0
trace965,1,3.9,0
trace965,5,13.6,0
trace965,1,17.4,0
trace966,0,18.5,0
trace966,0,6.1,0
trace966,0,9.2,0
trace966,3,32.0,0
trace966,2,63.0,0
trace966,6,19.7,0
trace967,0,17.5,0
trace968,5,15.2,0
trace968,1,8.0,0
trace968,0,16.7,0
trace968,2,4.6,0
trace969,5,30.9,0
trace969,0,7.7,0
trace969,6,2.9,0
trace969,5,23.3,0
trace969,0,36.6,0
trace969,1,17.9,0
trace970,2,11.0,0
trace970,5,14.2,0
trace970,6,18.1,0
trace971,5,72.4,0
trace971,0,92.8,0
trace971,3,62.9,0
trace971,5,101.6,0
trace971,6,17.4,0
trace972,0,7.2,0
trace972,2,53.1,0
trace972,0,11.1,0
trace972,2,1.4,0
trace973,0,3.1,0
trace973,0,18.3,0
trace973,0,16.8,0
trace973,3,97.5,0
trace974,5,32.2,0
trace974,0,2.8,0
trace975,2,10.9,0
trace976,5,89.4,0
trace976,2,50.0,0
trace976,4,8.6,0
trace976,5,84.7,0
trace976,3,11.2,0
trace977,0,2.7,0
trace977,2,53.3,0
trace977,2,4.3,0
trace978,5,90.1,0
trace978,6,4.2,0
trace978,1,17.4,0
trace979,5,53.7,0
trace979,0,5.0,0
trace979,3,8.1,0
trace979,0,5.4,0
trace980,2,0.2,0
trace980,1,75.6,0
trace980,2,8.9,0
trace981,5,38.8,0
trace981,1,17.6,0
trace981,0,3.5,0
trace981,5,44.2,0
trace981,2,5.2,0
trace982,0,8.9,0
trace982,6,19.4,0
trace982,5,39.2,0
trace982,6,3.9,0
trace982,1,17.9,0
trace983,0,8.7,0
trace983,1,17.8,0
trace983,2,70.9,0
trace983,0,51.7,0
trace983,0,3.4,0
trace984,5,73.5,0
trace984,0,5.2,0
trace984,0,16.9,0
trace984,3,67.2,0
trace985,5,32.1,0
trace985,3,66.8,0
trace986,2,44.4,0
trace986,6,17.8,0
trace986,2,10.1,0
trace987,5,73.4,0
trace987,1,17.6,0
trace988,5,23.1,0
trace988,2,5.8,0
trace989,2,9.2,0
trace989,0,6.8,0
trace989,5,15.6,0
trace989,1,17.2,0
trace990,2,42.1,0
trace990,6,18.6,0
trace990,5,74.9,0
trace990,1,7.9,0
trace990,6,102.4,0
trace991,2,108.1,0
trace991,0,59.6,0
trace991,2,34.6,0
trace992,2,0.5,0
trace992,4,22.0,0
trace992,5,3.8,0
trace992,2,103.0,0
trace992,1,56.3,0
trace993,5,62.1,0
trace993,1,17.3,0
trace994,2,101.4,0
trace994,2,5.9,0
trace994,0,9.4,0
trace994,2,5.8,0
trace995,2,11.4,0
trace995,4,54.2,0
trace995,2,10.8,0
trace995,4,45.1,0
trace996,0,18.2,0
trace996,3,7.9,0
trace996,3,101.9,0
trace997,2,54.3,0
trace997,6,8.2,0
trace998,2,4.1,0
trace998,1,84.3,0
trace999,0,1.4,0
trace999,5,46.2,0
trace999,0,42.9,0
trace999,2,5.6,0
trace999,5,87.4,0
trace999,2,5.8,0
trace1000,5,23.0,0
trace1000,6,12.9,0
